 12.127  1.186
 12.180  1.200
 12.275  1.207
 12.285  1.013
 12.369  1.095
 12.377  1.147
 12.390  1.083
 12.436  1.050
 12.442  1.069
 12.446  1.093
 12.528  1.045
 12.531  0.951
 12.566  1.047
 12.570  1.032
 12.595  1.030
 12.614  1.004
 12.629  1.026
 12.647  0.996
 12.667  1.016
 12.685  1.036
 12.692  1.015
 12.786  0.977
 12.830  1.013
 12.838  0.993
 12.990  0.945
 13.043  0.953
 13.050  0.942
 13.076  0.930
 13.077  0.912
 13.143  0.909
 13.159  0.926
 13.196  0.911
 13.179  0.898
 13.198  0.934
 13.233  0.910
 13.242  0.893
 13.259  0.934
 13.273  0.920
 13.289  0.840
 13.318  0.904
 13.326  0.853
 13.329  0.897
 13.349  0.899
 13.366  0.862
 13.364  0.896
 13.398  0.899
 13.400  0.897
 13.463  0.869
 13.463  0.855
 13.489  0.887
 13.539  0.880
 13.561  0.872
 13.585  0.822
 13.615  0.854
 13.619  0.864
 13.628  0.856
 13.632  0.825
 13.638  0.775
 13.647  0.780
 13.663  0.865
 13.665  0.934
 13.716  0.855
 13.724  0.864
 13.753  0.811
 13.754  0.809
 13.776  0.848
 13.778  0.838
 13.792  0.790
 13.847  0.838
 13.844  0.835
 13.855  0.780
 13.948  0.823
 13.950  0.763
 13.999  0.763
 14.011  0.841
 14.011  0.760
 14.012  0.810
 14.018  0.807
 14.020  0.818
 14.023  0.821
 14.027  0.819
 14.039  0.826
 14.044  0.810
 14.049  0.829
 14.057  0.814
 14.057  0.809
 14.100  0.809
 14.082  0.819
 14.093  0.820
 14.095  0.812
 14.068  0.749
 14.126  0.742
 14.131  0.800
 14.136  0.823
 14.138  0.747
 14.147  0.807
 14.156  0.739
 14.198  0.790
 14.166  0.806
 14.167  0.823
 14.175  0.755
 14.181  0.800
 14.192  0.746
 14.158  0.726
 14.217  0.808
 14.266  0.793
 14.227  0.798
 14.223  0.800
 14.276  0.820
 14.291  0.790
 14.280  0.730
 14.284  0.801
 14.284  0.803
 14.288  0.794
 14.280  0.642
 14.311  0.783
 14.338  0.804
 14.351  0.799
 14.363  0.765
 14.341  0.731
 14.349  0.797
 14.364  0.707
 14.376  0.719
 14.392  0.788
 14.393  0.798
 14.396  0.788
 14.421  0.785
 14.425  0.779
 14.433  0.781
 14.487  0.777
 14.458  0.702
 14.467  0.765
 14.472  0.787
 14.477  0.773
 14.484  0.740
 14.442  0.789
 14.494  0.710
 14.498  0.772
 14.499  0.774
 15.960  1.172
 15.915  0.984
 15.964  1.136
 15.911  0.695
 15.961  0.682
 15.935  0.688
 15.922  0.693
 15.955  0.687
 15.951  0.683
 15.954  0.692
 15.925  0.688
 15.966  0.682
 15.987  0.683
 15.977  0.691
 15.960  1.167
 16.067  0.683
 16.023  0.683
 16.023  0.691
 16.037  0.684
 16.028  0.673
 16.065  0.677
 16.047  0.696
 16.023  0.673
 16.028  0.680
 16.030  0.682
 16.031  0.677
 16.097  0.671
 16.049  0.682
 16.057  0.677
 16.036  0.681
 16.087  0.687
 16.026  0.691
 16.068  0.674
 16.078  0.688
 16.099  0.666
 16.085  0.667
 16.089  0.680
 16.094  0.677
 16.065  0.674
 16.047  0.702
 16.082  0.689
 16.114  0.664
 16.126  0.665
 16.117  0.680
 16.115  0.664
 16.125  0.666
 16.119  0.682
 16.131  0.673
 16.142  0.672
 16.132  0.671
 16.139  0.665
 16.147  0.679
 16.143  0.679
 16.156  0.661
 16.133  0.664
 16.144  0.677
 16.136  0.684
 16.147  0.672
 16.131  0.675
 16.149  0.669
 16.149  0.700
 16.151  0.675
 16.155  0.670
 16.147  0.666
 16.156  0.680
 16.157  0.677
 16.159  0.671
 16.166  0.669
 16.167  0.665
 16.169  0.679
 16.172  0.680
 16.176  0.674
 16.177  0.670
 16.184  0.672
 16.197  0.671
 16.185  0.666
 16.188  0.669
 16.185  0.677
 16.191  0.675
 16.185  0.682
 16.200  0.678
 16.271  0.737
 16.234  0.675
 16.218  0.654
 16.214  0.686
 16.219  0.672
 16.212  0.667
 16.230  0.678
 16.268  0.663
 16.219  0.675
 16.235  0.656
 16.267  0.666
 16.244  0.671
 16.221  0.672
 16.212  0.671
 16.277  0.662
 16.243  0.678
 16.266  0.665
 16.246  0.672
 16.277  0.684
 16.277  0.678
 16.257  0.681
 16.245  0.677
 16.293  0.659
 16.236  0.680
 16.218  0.670
 16.262  0.669
 16.279  0.672
 16.288  0.653
 16.288  0.657
 16.257  0.676
 16.291  0.651
 16.275  0.668
 16.300  0.656
 16.300  0.673
 16.296  0.663
 16.228  0.678
 16.213  0.764
 16.283  0.794
 16.208  0.728
 16.311  0.664
 16.345  0.658
 16.344  0.664
 16.319  0.668
 16.324  0.668
 16.335  0.655
 16.370  0.659
 16.313  0.668
 16.319  0.674
 16.314  0.661
 16.335  0.668
 16.340  0.640
 16.396  0.641
 16.349  0.652
 16.347  0.661
 16.353  0.682
 16.393  0.664
 16.351  0.652
 16.375  0.654
 16.372  0.666
 16.374  0.643
 16.377  0.643
 16.370  0.671
 16.367  0.663
 16.395  0.669
 16.395  0.661
 16.347  0.663
 16.397  0.669
 16.397  0.661
 16.440  0.648
 16.410  0.652
 16.413  0.667
 16.420  0.660
 16.467  0.653
 16.443  0.640
 16.426  0.643
 16.460  0.646
 16.431  0.664
 16.426  0.663
 16.408  0.653
 16.439  0.658
 16.428  0.675
 16.444  0.655
 16.426  0.676
 16.472  0.640
 16.454  0.666
 16.442  0.667
 16.454  0.661
 16.466  0.662
 16.469  0.664
 16.475  0.664
 16.451  0.664
 16.457  0.645
 16.459  0.666
 16.477  0.651
 16.462  0.652
 16.454  0.669
 16.446  0.663
 16.477  0.659
 16.495  0.674
 16.477  0.668
 16.482  0.649
 16.468  0.662
 16.489  0.654
 16.492  0.667
 16.494  0.666
 16.479  0.661
 16.498  0.667
 16.500  0.648
 16.564  0.657
 16.510  0.663
 16.565  0.636
 16.512  0.627
 16.515  0.658
 16.521  0.649
 16.537  0.668
 16.539  0.646
 16.535  0.628
 16.536  0.647
 16.537  0.652
 16.539  0.621
 16.542  0.677
 16.543  0.634
 16.555  0.648
 16.524  0.668
 16.548  0.653
 16.591  0.651
 16.546  0.630
 16.555  0.664
 16.552  0.660
 16.505  0.661
 16.566  0.647
 16.511  0.660
 16.577  0.662
 16.576  0.641
 16.593  0.647
 16.588  0.649
 16.592  0.659
 16.591  0.638
 16.582  0.661
 16.593  0.662
 16.565  0.672
 16.593  0.661
 16.592  0.641
 16.585  0.643
 16.593  0.649
 16.598  0.660
 16.597  0.623
 16.584  0.665
 16.579  0.678
 16.534  0.736
 16.627  0.647
 16.603  0.672
 16.606  0.650
 16.631  0.666
 16.634  0.665
 16.638  0.654
 16.650  0.640
 16.616  0.664
 16.616  0.643
 16.617  0.655
 16.623  0.649
 16.624  0.646
 16.628  0.643
 16.627  0.651
 16.605  0.665
 16.652  0.656
 16.657  0.689
 16.607  0.671
 16.615  0.649
 16.640  0.637
 16.652  0.657
 16.612  0.642
 16.645  0.637
 16.665  0.651
 16.648  0.630
 16.624  0.644
 16.659  0.656
 16.662  0.643
 16.700  0.649
 16.607  0.635
 16.657  0.633
 16.665  0.639
 16.666  0.647
 16.672  0.661
 16.678  0.660
 16.681  0.635
 16.661  0.657
 16.655  0.650
 16.640  0.644
 16.668  0.627
 16.642  0.659
 16.669  0.666
 16.647  0.640
 16.658  0.648
 16.683  0.637
 16.680  0.651
 16.682  0.628
 16.680  0.651
 16.663  0.660
 16.680  0.648
 16.679  0.640
 16.699  0.630
 16.690  0.695
 16.668  0.676
 16.751  0.916
 16.710  0.661
 16.751  0.648
 16.763  0.625
 16.705  0.658
 16.715  0.647
 16.716  0.638
 16.721  0.647
 16.714  0.659
 16.748  0.635
 16.741  0.644
 16.756  0.651
 16.718  0.663
 16.748  0.633
 16.757  0.654
 16.724  0.635
 16.772  0.638
 16.724  0.658
 16.729  0.650
 16.729  0.658
 16.729  0.642
 16.735  0.656
 16.751  0.652
 16.773  0.651
 16.724  0.628
 16.722  0.659
 16.738  0.608
 16.748  0.648
 16.748  0.639
 16.708  0.638
 16.745  0.653
 16.723  0.631
 16.773  0.621
 16.754  0.625
 16.717  0.645
 16.717  0.644
 16.757  0.641
 16.760  0.653
 16.728  0.655
 16.794  0.663
 16.773  0.645
 16.767  0.649
 16.770  0.634
 16.725  0.655
 16.783  0.665
 16.778  0.649
 16.752  0.650
 16.775  0.647
 16.778  0.650
 16.799  0.651
 16.760  0.647
 16.793  0.646
 16.761  0.653
 16.797  0.643
 16.703  0.752
 16.808  0.655
 16.804  0.639
 16.803  0.661
 16.805  0.636
 16.804  0.613
 16.823  0.632
 16.807  0.687
 16.809  0.617
 16.810  0.633
 16.815  0.632
 16.814  0.664
 16.852  0.639
 16.806  0.648
 16.863  0.634
 16.816  0.646
 16.820  0.640
 16.824  0.637
 16.830  0.648
 16.834  0.643
 16.843  0.658
 16.844  0.632
 16.844  0.632
 16.845  0.650
 16.882  0.740
 16.849  0.647
 16.847  0.634
 16.869  0.667
 16.858  0.632
 16.847  0.600
 16.851  0.661
 16.852  0.656
 16.851  0.629
 16.853  0.637
 16.854  0.621
 16.855  0.631
 16.856  0.639
 16.866  0.651
 16.851  0.643
 16.881  0.643
 16.846  0.654
 16.862  0.630
 16.862  0.629
 16.872  0.643
 16.864  0.642
 16.894  0.629
 16.875  0.651
 16.868  0.637
 16.872  0.644
 16.885  0.647
 16.897  0.628
 16.859  0.638
 16.873  0.648
 16.858  0.634
 16.866  0.649
 16.895  0.638
 16.892  0.629
 16.897  0.624
 16.874  0.649
 16.886  0.597
 16.894  0.637
 16.899  0.645
 16.898  0.646
 16.869  0.661
 16.860  0.665
 16.823  0.614
 16.890  0.682
 16.812  0.739
 16.973  0.629
 16.914  0.627
 16.915  0.635
 16.906  0.646
 16.927  0.664
 16.911  0.635
 16.923  0.653
 16.927  0.649
 16.913  0.656
 16.904  0.628
 16.904  0.643
 16.918  0.622
 16.903  0.656
 16.945  0.651
 16.942  0.650
 16.911  0.629
 16.993  0.646
 16.911  0.643
 16.947  0.652
 16.924  0.647
 16.906  0.660
 16.917  0.632
 16.951  0.633
 16.936  0.650
 16.936  0.634
 16.937  0.629
 16.937  0.642
 16.941  0.633
 16.950  0.643
 16.950  0.636
 16.994  0.620
 16.949  0.628
 16.944  0.649
 16.925  0.638
 16.991  0.647
 16.958  0.645
 16.957  0.640
 16.924  0.655
 16.978  0.645
 16.944  0.626
 16.967  0.635
 16.956  0.631
 16.967  0.636
 16.964  0.630
 16.977  0.641
 16.931  0.631
 16.994  0.633
 16.969  0.645
 16.970  0.623
 16.977  0.640
 16.995  0.628
 16.991  0.644
 16.942  0.602
 16.976  0.628
 16.973  0.635
 16.996  0.645
 16.966  0.653
 16.981  0.617
 16.964  0.608
 16.991  0.637
 16.934  0.632
 16.985  0.630
 16.997  0.641
 16.989  0.615
 16.918  0.764
 16.942  0.698
 16.925  0.650
 17.003  0.633
 17.016  0.619
 17.011  0.617
 17.039  0.632
 17.007  0.626
 17.016  0.656
 17.030  0.642
 17.012  0.637
 17.046  0.626
 17.028  0.630
 17.071  0.634
 17.073  0.624
 17.015  0.639
 17.011  0.623
 17.034  0.642
 17.038  0.644
 17.053  0.671
 17.036  0.635
 17.035  0.636
 17.046  0.650
 17.054  0.645
 17.033  0.636
 17.041  0.628
 17.088  0.621
 17.065  0.624
 17.037  0.622
 17.053  0.641
 17.079  0.635
 17.034  0.630
 17.051  0.661
 17.052  0.638
 17.065  0.641
 17.077  0.656
 17.064  0.623
 17.035  0.651
 17.056  0.646
 17.044  0.620
 17.084  0.620
 17.083  0.619
 17.084  0.681
 17.066  0.632
 17.036  0.634
 17.041  0.593
 17.048  0.593
 17.099  0.634
 17.053  0.632
 17.048  0.657
 17.071  0.642
 17.092  0.625
 17.092  0.627
 17.077  0.649
 17.099  0.633
 17.090  0.641
 17.100  0.636
 17.089  0.627
 17.067  0.626
 17.075  0.635
 17.084  0.662
 17.063  0.660
 17.038  0.716
 17.015  0.623
 17.198  0.638
 17.126  0.622
 17.186  0.632
 17.106  0.626
 17.192  0.633
 17.109  0.620
 17.111  0.639
 17.102  0.633
 17.107  0.663
 17.125  0.643
 17.123  0.646
 17.108  0.617
 17.130  0.624
 17.126  0.644
 17.133  0.660
 17.109  0.642
 17.173  0.650
 17.108  0.638
 17.102  0.606
 17.149  0.619
 17.118  0.649
 17.139  0.615
 17.133  0.626
 17.129  0.627
 17.133  0.631
 17.158  0.614
 17.143  0.660
 17.166  0.637
 17.142  0.650
 17.132  0.629
 17.158  0.661
 17.123  0.645
 17.152  0.609
 17.145  0.647
 17.134  0.628
 17.142  0.625
 17.103  0.633
 17.192  0.638
 17.107  0.637
 17.178  0.638
 17.151  0.627
 17.173  0.609
 17.166  0.636
 17.112  0.620
 17.168  0.598
 17.170  0.634
 17.170  0.621
 17.171  0.656
 17.161  0.617
 17.181  0.629
 17.176  0.634
 17.184  0.639
 17.183  0.656
 17.186  0.654
 17.178  0.621
 17.150  0.618
 17.185  0.627
 17.199  0.638
 17.134  0.645
 17.193  0.640
 17.190  0.642
 17.141  0.649
 17.142  0.653
 17.125  0.637
 17.165  0.638
 17.187  0.650
 17.240  0.537
 17.218  0.607
 17.228  0.778
 17.240  0.629
 17.279  0.648
 17.292  0.591
 17.295  0.638
 17.249  0.659
 17.262  0.642
 17.282  0.617
 17.267  0.602
 17.294  0.625
 17.247  0.626
 17.255  0.637
 17.293  0.615
 17.299  0.640
 17.277  0.617
 17.266  0.648
 17.254  0.586
 17.289  0.604
 17.299  0.617
 17.203  0.644
 17.212  0.608
 17.225  0.650
 17.239  0.632
 17.227  0.627
 17.215  0.622
 17.205  0.630
 17.288  0.614
 17.222  0.643
 17.202  0.641
 17.222  0.631
 17.202  0.617
 17.263  0.617
 17.211  0.632
 17.210  0.573
 17.246  0.629
 17.202  0.645
 17.244  0.652
 17.281  0.624
 17.228  0.636
 17.208  0.616
 17.224  0.611
 17.229  0.657
 17.277  0.619
 17.251  0.648
 17.209  0.618
 17.273  0.636
 17.267  0.634
 17.256  0.647
 17.247  0.662
 17.208  0.643
 17.211  0.635
 17.278  0.661
 17.262  0.659
 17.247  0.632
 17.299  0.626
 17.212  0.621
 17.264  0.635
 17.264  0.617
 17.265  0.638
 17.276  0.596
 17.263  0.619
 17.257  0.642
 17.271  0.623
 17.270  0.648
 17.238  0.643
 17.264  0.642
 17.265  0.624
 17.257  0.635
 17.272  0.636
 17.289  0.610
 17.299  0.604
 17.279  0.627
 17.294  0.623
 17.384  0.637
 17.304  0.643
 17.345  0.635
 17.365  0.641
 17.331  0.620
 17.399  0.607
 17.374  0.608
 17.398  0.618
 17.356  0.630
 17.352  0.628
 17.351  0.605
 17.309  0.599
 17.313  0.632
 17.335  0.619
 17.365  0.624
 17.324  0.615
 17.304  0.647
 17.345  0.621
 17.397  0.638
 17.366  0.643
 17.348  0.641
 17.375  0.646
 17.396  0.646
 17.368  0.643
 17.392  0.631
 17.363  0.624
 17.347  0.626
 17.394  0.624
 17.368  0.641
 17.371  0.632
 17.391  0.620
 17.397  0.629
 17.335  0.618
 17.373  0.617
 17.384  0.635
 17.355  0.655
 17.390  0.604
 17.309  0.575
 17.332  0.621
 17.378  0.612
 17.330  0.642
 17.314  0.612
 17.316  0.621
 17.320  0.635
 17.323  0.619
 17.343  0.611
 17.344  0.607
 17.335  0.597
 17.344  0.632
 17.334  0.620
 17.316  0.551
 17.354  0.636
 17.394  0.657
 17.394  0.617
 17.381  0.632
 17.388  0.625
 17.384  0.611
 17.372  0.634
 17.398  0.624
 17.326  0.621
 17.321  0.558
 17.379  0.566
 17.343  0.616
 17.365  0.641
 17.387  0.650
 17.381  0.614
 17.397  0.657
 17.380  0.646
 17.390  0.582
 17.364  0.640
 17.321  0.596
 17.311  0.819
 17.379  0.586
 17.314  0.534
 17.411  0.614
 17.484  0.604
 17.481  0.623
 17.419  0.613
 17.422  0.617
 17.417  0.608
 17.493  0.624
 17.446  0.617
 17.472  0.630
 17.443  0.597
 17.486  0.636
 17.424  0.612
 17.467  0.623
 17.450  0.613
 17.436  0.615
 17.487  0.639
 17.492  0.632
 17.484  0.606
 17.434  0.619
 17.497  0.633
 17.428  0.621
 17.417  0.620
 17.487  0.618
 17.401  0.616
 17.438  0.634
 17.463  0.642
 17.471  0.620
 17.490  0.618
 17.493  0.623
 17.473  0.633
 17.423  0.620
 17.405  0.624
 17.408  0.631
 17.500  0.606
 17.405  0.658
 17.474  0.628
 17.401  0.635
 17.432  0.610
 17.445  0.562
 17.489  0.610
 17.412  0.670
 17.476  0.618
 17.499  0.630
 17.412  0.642
 17.412  0.672
 17.435  0.641
 17.419  0.631
 17.429  0.615
 17.493  0.672
 17.478  0.622
 17.438  0.612
 17.498  0.634
 17.477  0.618
 17.478  0.600
 17.466  0.630
 17.430  0.642
 17.427  0.627
 17.462  0.587
 17.463  0.631
 17.459  0.583
 17.454  0.599
 17.489  0.616
 17.465  0.626
 17.460  0.568
 17.424  0.624
 17.477  0.602
 17.422  0.609
 17.424  0.610
 17.481  0.624
 17.416  0.627
 17.437  0.650
 17.406  0.618
 17.469  0.656
 17.406  0.617
 17.428  0.613
 17.592  0.619
 17.555  0.618
 17.534  0.628
 17.504  0.614
 17.553  0.610
 17.590  0.602
 17.536  0.633
 17.545  0.616
 17.551  0.545
 17.546  0.635
 17.583  0.618
 17.561  0.606
 17.529  0.586
 17.528  0.616
 17.553  0.624
 17.509  0.615
 17.563  0.631
 17.520  0.627
 17.585  0.623
 17.595  0.609
 17.548  0.611
 17.589  0.639
 17.595  0.607
 17.524  0.614
 17.563  0.622
 17.549  0.625
 17.543  0.625
 17.514  0.610
 17.507  0.697
 17.512  0.630
 17.543  0.616
 17.543  0.622
 17.595  0.622
 17.572  0.603
 17.536  0.631
 17.561  0.643
 17.519  0.557
 17.513  0.605
 17.505  0.607
 17.525  0.636
 17.599  0.605
 17.508  0.635
 17.542  0.616
 17.502  0.608
 17.501  0.604
 17.518  0.620
 17.516  0.616
 17.505  0.624
 17.514  0.623
 17.501  0.613
 17.598  0.629
 17.591  0.608
 17.557  0.608
 17.501  0.624
 17.558  0.611
 17.588  0.614
 17.502  0.552
 17.576  0.619
 17.587  0.587
 17.530  0.618
 17.510  0.627
 17.503  0.627
 17.570  0.621
 17.591  0.625
 17.568  0.596
 17.522  0.639
 17.550  0.586
 17.550  0.608
 17.577  0.629
 17.556  0.637
 17.571  0.566
 17.521  0.636
 17.571  0.613
 17.504  0.613
 17.534  0.635
 17.684  0.620
 17.657  0.614
 17.635  0.686
 17.641  0.598
 17.617  0.623
 17.677  0.613
 17.691  0.621
 17.680  0.618
 17.627  0.617
 17.608  0.625
 17.624  0.627
 17.654  0.623
 17.644  0.627
 17.656  0.601
 17.642  0.608
 17.613  0.616
 17.686  0.622
 17.652  0.616
 17.636  0.623
 17.628  0.628
 17.630  0.636
 17.693  0.600
 17.686  0.619
 17.659  0.596
 17.647  0.627
 17.679  0.556
 17.625  0.609
 17.679  0.627
 17.662  0.620
 17.646  0.617
 17.687  0.600
 17.694  0.624
 17.639  0.616
 17.656  0.625
 17.658  0.638
 17.657  0.614
 17.621  0.615
 17.635  0.525
 17.633  0.621
 17.694  0.614
 17.700  0.608
 17.696  0.621
 17.699  0.596
 17.664  0.659
 17.683  0.617
 17.665  0.631
 17.642  0.527
 17.682  0.597
 17.643  0.630
 17.676  0.618
 17.621  0.623
 17.688  0.617
 17.686  0.625
 17.679  0.611
 17.626  0.625
 17.651  0.624
 17.624  0.605
 17.631  0.619
 17.607  0.610
 17.686  0.598
 17.631  0.614
 17.619  0.623
 17.666  0.620
 17.615  0.621
 17.695  0.611
 17.662  0.625
 17.643  0.623
 17.664  0.612
 17.683  0.624
 17.660  0.603
 17.674  0.613
 17.686  0.616
 17.609  0.627
 17.605  0.574
 17.700  0.615
 17.713  0.610
 17.764  0.603
 17.716  0.610
 17.792  0.626
 17.777  0.617
 17.706  0.618
 17.744  0.608
 17.703  0.613
 17.755  0.634
 17.722  0.626
 17.784  0.611
 17.752  0.613
 17.733  0.617
 17.702  0.623
 17.792  0.606
 17.776  0.596
 17.770  0.612
 17.800  0.625
 17.703  0.616
 17.719  0.620
 17.762  0.615
 17.720  0.632
 17.720  0.619
 17.720  0.616
 17.736  0.624
 17.761  0.613
 17.738  0.606
 17.704  0.583
 17.792  0.620
 17.750  0.611
 17.722  0.628
 17.771  0.616
 17.707  0.610
 17.760  0.608
 17.742  0.597
 17.756  0.611
 17.760  0.607
 17.790  0.621
 17.773  0.608
 17.752  0.622
 17.781  0.615
 17.706  0.618
 17.774  0.610
 17.710  0.625
 17.709  0.588
 17.799  0.602
 17.730  0.631
 17.753  0.625
 17.778  0.564
 17.788  0.617
 17.794  0.615
 17.755  0.616
 17.725  0.615
 17.735  0.602
 17.763  0.604
 17.719  0.610
 17.712  0.621
 17.756  0.611
 17.703  0.615
 17.757  0.611
 17.750  0.622
 17.768  0.612
 17.709  0.633
 17.781  0.624
 17.761  0.608
 17.707  0.603
 17.755  0.625
 17.719  0.634
 17.756  0.618
 17.709  0.608
 17.797  0.591
 17.748  0.616
 17.732  0.594
 17.792  0.605
 17.723  0.617
 17.818  0.616
 17.843  0.589
 17.883  0.613
 17.883  0.603
 17.873  0.613
 17.809  0.609
 17.895  0.603
 17.815  0.618
 17.868  0.601
 17.839  0.612
 17.828  0.602
 17.825  0.609
 17.871  0.610
 17.852  0.620
 17.820  0.622
 17.811  0.608
 17.830  0.609
 17.829  0.607
 17.854  0.620
 17.882  0.614
 17.890  0.513
 17.859  0.608
 17.883  0.618
 17.863  0.649
 17.871  0.605
 17.867  0.602
 17.896  0.605
 17.893  0.597
 17.819  0.624
 17.892  0.607
 17.842  0.603
 17.805  0.617
 17.830  0.616
 17.830  0.614
 17.893  0.599
 17.859  0.615
 17.805  0.612
 17.841  0.616
 17.874  0.499
 17.826  0.602
 17.861  0.602
 17.889  0.589
 17.847  0.617
 17.857  0.602
 17.816  0.596
 17.833  0.618
 17.836  0.620
 17.864  0.600
 17.865  0.609
 17.849  0.539
 17.849  0.607
 17.882  0.606
 17.824  0.603
 17.859  0.603
 17.856  0.619
 17.884  0.602
 17.838  0.617
 17.852  0.612
 17.864  0.588
 17.810  0.608
 17.861  0.606
 17.876  0.609
 17.868  0.627
 17.882  0.596
 17.891  0.619
 17.810  0.608
 17.897  0.621
 17.812  0.602
 17.871  0.610
 17.872  0.601
 17.808  0.611
 17.894  0.503
 17.891  0.622
 17.807  0.623
 17.847  0.615
 17.948  0.609
 17.933  0.616
 17.985  0.612
 17.933  0.729
 17.936  0.601
 17.965  0.600
 17.955  0.596
 17.965  0.604
 17.952  0.599
 17.907  0.612
 17.982  0.592
 17.928  0.607
 17.966  0.608
 17.916  0.602
 17.908  0.572
 17.915  0.619
 17.991  0.602
 17.914  0.609
 17.905  0.608
 17.910  0.610
 17.991  0.600
 17.924  0.608
 17.921  0.484
 17.974  0.483
 17.925  0.616
 17.994  0.601
 17.984  0.593
 17.916  0.600
 17.950  0.604
 17.932  0.610
 17.948  0.598
 17.907  0.605
 17.963  0.609
 17.960  0.606
 17.952  0.614
 17.995  0.595
 17.948  0.586
 17.943  0.590
 17.925  0.582
 17.971  0.607
 17.975  0.612
 17.986  0.600
 17.987  0.503
 17.941  0.587
 18.000  0.603
 17.980  0.464
 17.906  0.602
 17.970  0.598
 17.935  0.607
 17.996  0.598
 18.000  0.617
 17.951  0.600
 17.938  0.613
 17.959  0.594
 17.912  0.612
 17.920  0.592
 17.934  0.606
 17.966  0.589
 17.916  0.596
 18.000  0.455
 17.946  0.609
 17.938  0.527
 17.942  0.605
 17.909  0.616
 17.918  0.606
 17.955  0.614
 17.922  0.603
 17.909  0.612
 17.941  0.614
 17.933  0.604
 17.939  0.611
 17.949  0.636
 17.992  0.597
 17.955  0.604
 17.938  0.601
 18.026  0.599
 18.031  0.597
 18.024  0.600
 18.003  0.604
 18.021  0.607
 18.091  0.590
 18.032  0.596
 18.001  0.600
 18.041  0.587
 18.076  0.599
 18.079  0.575
 18.090  0.577
 18.083  0.587
 18.006  0.603
 18.018  0.611
 18.042  0.580
 18.074  0.603
 18.083  0.595
 18.072  0.593
 18.051  0.587
 18.040  0.598
 18.076  0.555
 18.063  0.586
 18.054  0.574
 18.099  0.595
 18.002  0.617
 18.030  0.597
 18.037  0.599
 18.009  0.590
 18.011  0.601
 18.027  0.600
 18.079  0.608
 18.088  0.587
 18.047  0.600
 18.043  0.600
 18.059  0.589
 18.079  0.587
 18.004  0.627
 18.066  0.598
 18.015  0.594
 18.063  0.601
 18.038  0.603
 18.036  0.593
 18.095  0.588
 18.047  0.597
 18.093  0.584
 18.057  0.607
 18.016  0.611
 18.072  0.594
 18.059  0.596
 18.080  0.588
 18.055  0.588
 18.018  0.614
 18.099  0.588
 18.016  0.615
 18.085  0.582
 18.062  0.603
 18.098  0.590
 18.021  0.583
 18.034  0.596
 18.095  0.587
 18.013  0.596
 18.098  0.476
 18.064  0.447
 18.066  0.594
 18.019  0.599
 18.059  0.464
 18.064  0.591
 18.099  0.601
 18.016  0.460
 18.048  0.578
 18.088  0.588
 18.063  0.522
 18.058  0.577
 18.089  0.936
 18.173  0.566
 18.188  0.561
 18.149  0.586
 18.137  0.581
 18.167  0.569
 18.125  0.553
 18.124  0.574
 18.180  0.565
 18.160  0.579
 18.178  0.576
 18.165  0.570
 18.151  0.464
 18.106  0.593
 18.189  0.570
 18.189  0.551
 18.169  0.574
 18.162  0.569
 18.196  0.563
 18.137  0.480
 18.120  0.583
 18.133  0.569
 18.140  0.474
 18.199  0.536
 18.138  0.583
 18.134  0.581
 18.166  0.584
 18.190  0.564
 18.192  0.561
 18.157  0.573
 18.163  0.561
 18.163  0.595
 18.183  0.573
 18.190  0.576
 18.193  0.578
 18.154  0.588
 18.155  0.563
 18.120  0.594
 18.192  0.573
 18.116  0.582
 18.166  0.563
 18.156  0.582
 18.179  0.556
 18.162  0.580
 18.176  0.573
 18.189  0.563
 18.185  0.581
 18.168  0.579
 18.169  0.586
 18.117  0.577
 18.173  0.571
 18.170  0.571
 18.174  0.576
 18.104  0.593
 18.135  0.578
 18.168  0.575
 18.178  0.575
 18.119  0.581
 18.103  0.505
 18.172  0.579
 18.197  0.580
 18.134  0.592
 18.167  0.578
 18.155  0.578
 18.184  0.571
 18.152  0.572
 18.194  0.578
 18.153  0.583
 18.166  0.588
 18.136  0.592
 18.149  0.570
 18.143  0.580
 18.127  0.494
 18.200  0.551
 18.155  0.538
 18.138  0.592
 18.279  0.540
 18.258  0.571
 18.264  0.576
 18.291  0.528
 18.248  0.462
 18.247  0.560
 18.216  0.578
 18.262  0.534
 18.202  0.579
 18.211  0.570
 18.285  0.537
 18.228  0.575
 18.248  0.544
 18.288  0.507
 18.277  0.612
 18.250  0.575
 18.233  0.566
 18.254  0.537
 18.260  0.543
 18.249  0.560
 18.273  0.513
 18.266  0.526
 18.299  0.510
 18.299  0.529
 18.277  0.531
 18.273  0.543
 18.209  0.560
 18.232  0.563
 18.248  0.581
 18.234  0.543
 18.244  0.536
 18.297  0.541
 18.244  0.558
 18.221  0.558
 18.260  0.533
 18.228  0.552
 18.255  0.564
 18.230  0.539
 18.217  0.551
 18.294  0.543
 18.210  0.558
 18.261  0.538
 18.240  0.440
 18.243  0.562
 18.236  0.552
 18.239  0.575
 18.222  0.570
 18.207  0.569
 18.251  0.524
 18.274  0.545
 18.296  0.524
 18.214  0.561
 18.289  0.547
 18.257  0.454
 18.288  0.544
 18.237  0.572
 18.260  0.540
 18.252  0.547
 18.258  0.554
 18.202  0.564
 18.227  0.529
 18.282  0.535
 18.240  0.576
 18.290  0.537
 18.267  0.538
 18.222  0.575
 18.250  0.561
 18.271  0.556
 18.280  0.521
 18.209  0.570
 18.209  0.575
 18.226  0.563
 18.296  0.518
 18.216  0.549
 18.277  0.536
 18.395  0.469
 18.342  0.527
 18.331  0.533
 18.327  0.528
 18.377  0.453
 18.330  0.517
 18.308  0.521
 18.323  0.497
 18.373  0.515
 18.396  0.494
 18.397  0.489
 18.362  0.493
 18.364  0.520
 18.395  0.472
 18.360  0.448
 18.335  0.502
 18.345  0.519
 18.309  0.506
 18.388  0.503
 18.389  0.487
 18.395  0.498
 18.383  0.497
 18.391  0.515
 18.346  0.502
 18.322  0.518
 18.398  0.492
 18.384  0.501
 18.334  0.521
 18.341  0.537
 18.400  0.471
 18.339  0.531
 18.390  0.486
 18.314  0.520
 18.381  0.503
 18.383  0.528
 18.391  0.496
 18.340  0.505
 18.366  0.516
 18.372  0.497
 18.349  0.514
 18.334  0.510
 18.366  0.511
 18.350  0.529
 18.350  0.522
 18.383  0.501
 18.375  0.481
 18.353  0.493
 18.340  0.519
 18.391  0.504
 18.398  0.518
 18.368  0.514
 18.369  0.505
 18.357  0.507
 18.342  0.534
 18.398  0.518
 18.371  0.495
 18.382  0.503
 18.329  0.511
 18.326  0.528
 18.378  0.511
 18.331  0.516
 18.333  0.516
 18.381  0.507
 18.315  0.530
 18.349  0.525
 18.346  0.501
 18.392  0.504
 18.302  0.514
 18.346  0.517
 18.342  0.518
 18.361  0.466
 18.388  0.515
 18.312  0.526
 18.387  0.493
 18.371  0.492
 18.477  0.485
 18.431  0.487
 18.425  0.497
 18.484  0.478
 18.440  0.492
 18.452  0.485
 18.432  0.470
 18.493  0.472
 18.458  0.473
 18.425  0.499
 18.443  0.482
 18.426  0.544
 18.432  0.485
 18.437  0.537
 18.434  0.498
 18.446  0.535
 18.404  0.494
 18.472  0.472
 18.475  0.464
 18.431  0.447
 18.494  0.479
 18.468  0.493
 18.439  0.494
 18.411  0.497
 18.468  0.489
 18.439  0.493
 18.485  0.482
 18.407  0.492
 18.415  0.496
 18.414  0.485
 18.500  0.473
 18.415  0.453
 18.493  0.465
 18.492  0.500
 18.420  0.488
 18.471  0.469
 18.426  0.471
 18.404  0.471
 18.487  0.466
 18.483  0.474
 18.415  0.483
 18.485  0.470
 18.405  0.477
 18.452  0.485
 18.500  0.482
 18.420  0.502
 18.491  0.472
 18.435  0.496
 18.488  0.472
 18.486  0.461
 18.457  0.461
 18.467  0.482
 18.484  0.443
 18.409  0.496
 18.403  0.498
 18.467  0.490
 18.461  0.476
 18.428  0.482
 18.484  0.506
 18.478  0.484
 18.483  0.478
 18.480  0.495
 18.445  0.455
 18.473  0.472
 18.426  0.487
 18.466  0.486
 18.481  0.467
 18.432  0.468
 18.484  0.401
 18.459  0.479
 18.433  0.468
 18.482  0.477
 18.442  0.496
 18.466  0.451
 18.458  0.463
 18.564  0.465
 18.533  0.474
 18.567  0.477
 18.579  0.455
 18.581  0.459
 18.511  0.471
 18.597  0.461
 18.555  0.457
 18.570  0.468
 18.590  0.473
 18.563  0.464
 18.540  0.452
 18.587  0.465
 18.508  0.472
 18.579  0.466
 18.525  0.464
 18.512  0.474
 18.578  0.468
 18.505  0.460
 18.523  0.448
 18.566  0.455
 18.553  0.481
 18.535  0.463
 18.546  0.446
 18.588  0.464
 18.582  0.462
 18.537  0.453
 18.557  0.477
 18.531  0.457
 18.576  0.442
 18.592  0.466
 18.557  0.458
 18.575  0.472
 18.579  0.462
 18.591  0.468
 18.593  0.450
 18.575  0.470
 18.526  0.472
 18.515  0.466
 18.546  0.471
 18.544  0.476
 18.514  0.473
 18.578  0.466
 18.564  0.457
 18.572  0.464
 18.599  0.469
 18.572  0.461
 18.515  0.461
 18.562  0.474
 18.592  0.462
 18.590  0.462
 18.587  0.460
 18.581  0.462
 18.556  0.465
 18.571  0.457
 18.565  0.454
 18.550  0.444
 18.583  0.457
 18.599  0.461
 18.590  0.468
 18.593  0.456
 18.519  0.472
 18.507  0.481
 18.587  0.453
 18.546  0.469
 18.552  0.504
 18.554  0.458
 18.512  0.476
 18.598  0.486
 18.518  0.470
 18.557  0.488
 18.511  0.469
 18.545  0.450
 18.560  0.472
 18.576  0.458
 18.658  0.456
 18.625  0.470
 18.681  0.443
 18.685  0.450
 18.642  0.467
 18.635  0.459
 18.646  0.461
 18.623  0.451
 18.636  0.461
 18.641  0.446
 18.633  0.465
 18.606  0.454
 18.627  0.454
 18.698  0.433
 18.637  0.459
 18.674  0.449
 18.675  0.447
 18.620  0.454
 18.607  0.468
 18.624  0.466
 18.646  0.442
 18.631  0.470
 18.632  0.451
 18.638  0.461
 18.623  0.450
 18.607  0.455
 18.673  0.452
 18.675  0.481
 18.635  0.450
 18.649  0.460
 18.623  0.454
 18.668  0.450
 18.640  0.461
 18.674  0.454
 18.680  0.437
 18.695  0.435
 18.660  0.463
 18.625  0.453
 18.694  0.452
 18.668  0.448
 18.613  0.460
 18.603  0.465
 18.643  0.450
 18.643  0.451
 18.665  0.447
 18.628  0.451
 18.608  0.466
 18.677  0.464
 18.604  0.460
 18.650  0.443
 18.664  0.451
 18.668  0.445
 18.668  0.462
 18.655  0.462
 18.675  0.470
 18.639  0.439
 18.613  0.453
 18.606  0.448
 18.672  0.477
 18.673  0.453
 18.675  0.458
 18.626  0.439
 18.623  0.460
 18.647  0.447
 18.615  0.457
 18.666  0.454
 18.651  0.465
 18.669  0.447
 18.620  0.458
 18.647  0.462
 18.637  0.463
 18.657  0.466
 18.688  0.451
 18.698  0.453
 18.656  0.462
 18.711  0.436
 18.722  0.448
 18.768  0.449
 18.719  0.458
 18.711  0.456
 18.797  0.455
 18.712  0.455
 18.731  0.445
 18.773  0.450
 18.728  0.455
 18.720  0.436
 18.775  0.437
 18.783  0.451
 18.761  0.438
 18.723  0.456
 18.767  0.460
 18.784  0.434
 18.763  0.451
 18.735  0.451
 18.731  0.434
 18.714  0.447
 18.798  0.442
 18.800  0.449
 18.711  0.448
 18.715  0.463
 18.736  0.455
 18.796  0.457
 18.707  0.455
 18.765  0.435
 18.792  0.443
 18.753  0.456
 18.731  0.450
 18.756  0.450
 18.762  0.445
 18.784  0.455
 18.714  0.456
 18.751  0.439
 18.743  0.445
 18.742  0.443
 18.748  0.427
 18.777  0.437
 18.705  0.442
 18.730  0.453
 18.783  0.439
 18.748  0.458
 18.798  0.449
 18.729  0.441
 18.762  0.437
 18.713  0.426
 18.744  0.453
 18.708  0.457
 18.793  0.453
 18.775  0.441
 18.790  0.458
 18.771  0.457
 18.796  0.442
 18.750  0.429
 18.703  0.446
 18.719  0.461
 18.785  0.442
 18.706  0.459
 18.798  0.428
 18.719  0.448
 18.740  0.441
 18.782  0.435
 18.765  0.459
 18.727  0.457
 18.761  0.452
 18.724  0.443
 18.760  0.461
 18.793  0.445
 18.705  0.463
 18.778  0.440
 18.789  0.446
 18.800  0.436
 18.861  0.427
 18.841  0.434
 18.842  0.448
 18.864  0.454
 18.857  0.445
 18.846  0.430
 18.897  0.430
 18.827  0.440
 18.886  0.450
 18.887  0.456
 18.804  0.448
 18.803  0.448
 18.843  0.451
 18.804  0.446
 18.862  0.451
 18.855  0.430
 18.823  0.459
 18.830  0.449
 18.885  0.456
 18.844  0.439
 18.801  0.441
 18.803  0.456
 18.851  0.442
 18.896  0.441
 18.834  0.448
 18.833  0.436
 18.820  0.441
 18.818  0.472
 18.870  0.456
 18.837  0.460
 18.850  0.444
 18.884  0.452
 18.806  0.454
 18.870  0.444
 18.808  0.444
 18.821  0.447
 18.801  0.452
 18.868  0.421
 18.821  0.426
 18.896  0.432
 18.854  0.428
 18.817  0.442
 18.802  0.451
 18.804  0.440
 18.873  0.370
 18.859  0.457
 18.803  0.444
 18.898  0.450
 18.813  0.452
 18.826  0.467
 18.851  0.439
 18.867  0.455
 18.857  0.448
 18.816  0.449
 18.878  0.439
 18.867  0.458
 18.863  0.439
 18.808  0.448
 18.806  0.447
 18.882  0.477
 18.831  0.458
 18.829  0.434
 18.842  0.448
 18.858  0.446
 18.875  0.437
 18.865  0.451
 18.853  0.434
 18.896  0.438
 18.882  0.457
 18.803  0.446
 18.887  0.467
 18.814  0.408
 18.841  0.439
 18.817  0.418
 18.861  0.448
 18.969  0.455
 18.908  0.454
 18.968  0.437
 18.927  0.457
 18.948  0.424
 18.995  0.431
 18.949  0.438
 18.921  0.453
 18.943  0.441
 18.929  0.444
 18.946  0.433
 18.931  0.458
 18.934  0.445
 18.995  0.436
 18.910  0.437
 18.977  0.450
 18.964  0.442
 18.992  0.451
 18.942  0.452
 18.925  0.441
 18.923  0.437
 18.992  0.426
 18.930  0.444
 18.917  0.444
 18.927  0.443
 18.945  0.437
 18.977  0.447
 18.963  0.448
 18.992  0.446
 18.981  0.438
 18.914  0.449
 18.941  0.434
 18.997  0.431
 18.905  0.453
 18.972  0.437
 18.922  0.429
 18.937  0.434
 18.940  0.446
 18.935  0.432
 18.949  0.422
 18.990  0.467
 18.944  0.429
 18.973  0.433
 18.923  0.452
 18.928  0.409
 18.905  0.454
 18.922  0.432
 18.907  0.446
 18.926  0.445
 18.912  0.445
 18.991  0.430
 18.978  0.432
 19.000  0.426
 18.934  0.427
 18.973  0.440
 18.927  0.444
 18.910  0.416
 18.965  0.427
 18.932  0.446
 18.913  0.443
 18.938  0.460
 18.957  0.454
 18.952  0.444
 18.966  0.436
 18.920  0.439
 18.914  0.442
 18.959  0.445
 18.965  0.456
 18.984  0.470
 18.946  0.453
 18.975  0.438
 18.924  0.425
 18.974  0.442
 18.976  0.442
 18.992  0.433
 19.070  0.451
 19.077  0.428
 19.069  0.429
 19.077  0.407
 19.035  0.426
 19.065  0.449
 19.070  0.439
 19.037  0.435
 19.075  0.421
 19.082  0.460
 19.040  0.429
 19.069  0.449
 19.061  0.434
 19.078  0.434
 19.003  0.446
 19.094  0.428
 19.092  0.439
 19.013  0.418
 19.009  0.464
 19.062  0.447
 19.043  0.441
 19.014  0.444
 19.063  0.455
 19.074  0.446
 19.001  0.447
 19.045  0.445
 19.001  0.447
 19.067  0.443
 19.045  0.441
 19.058  0.446
 19.001  0.436
 19.082  0.432
 19.021  0.427
 19.037  0.464
 19.009  0.437
 19.025  0.440
 19.057  0.437
 19.024  0.443
 19.077  0.441
 19.072  0.450
 19.042  0.452
 19.034  0.421
 19.061  0.433
 19.061  0.447
 19.049  0.429
 19.014  0.441
 19.012  0.435
 19.092  0.445
 19.096  0.438
 19.075  0.439
 19.094  0.435
 19.048  0.430
 19.032  0.448
 19.008  0.431
 19.034  0.448
 19.005  0.437
 19.022  0.446
 19.062  0.431
 19.068  0.450
 19.057  0.441
 19.059  0.439
 19.022  0.430
 19.092  0.461
 19.064  0.445
 19.016  0.424
 19.020  0.458
 19.090  0.429
 19.092  0.447
 19.091  0.435
 19.049  0.443
 19.005  0.442
 19.050  0.425
 19.029  0.448
 19.017  0.473
 19.097  0.445
 19.101  0.447
 19.174  0.442
 19.197  0.439
 19.181  0.455
 19.197  0.472
 19.158  0.447
 19.185  0.432
 19.161  0.481
 19.157  0.440
 19.113  0.445
 19.160  0.452
 19.189  0.462
 19.193  0.455
 19.180  0.448
 19.144  0.430
 19.115  0.440
 19.175  0.438
 19.140  0.454
 19.120  0.451
 19.162  0.441
 19.187  0.437
 19.135  0.437
 19.189  0.473
 19.120  0.449
 19.196  0.453
 19.187  0.457
 19.180  0.494
 19.109  0.445
 19.112  0.433
 19.196  0.452
 19.166  0.480
 19.175  0.449
 19.119  0.431
 19.145  0.444
 19.115  0.449
 19.171  0.473
 19.154  0.427
 19.125  0.442
 19.164  0.430
 19.198  0.442
 19.153  0.443
 19.154  0.456
 19.103  0.431
 19.109  0.447
 19.199  0.438
 19.183  0.437
 19.142  0.448
 19.172  0.438
 19.130  0.421
 19.109  0.443
 19.194  0.444
 19.134  0.437
 19.183  0.437
 19.135  0.454
 19.182  0.455
 19.121  0.435
 19.171  0.447
 19.181  0.447
 19.143  0.417
 19.187  0.422
 19.193  0.447
 19.123  0.430
 19.108  0.447
 19.145  0.439
 19.187  0.447
 19.184  0.450
 19.183  0.443
 19.169  0.445
 19.107  0.441
 19.164  0.447
 19.141  0.432
 19.178  0.446
 19.153  0.450
 19.192  0.455
 19.114  0.462
 19.228  0.452
 19.265  0.481
 19.211  0.458
 19.279  0.452
 19.257  0.445
 19.205  0.449
 19.292  0.449
 19.259  0.449
 19.205  0.447
 19.300  0.440
 19.242  0.445
 19.279  0.491
 19.219  0.438
 19.217  0.436
 19.244  0.464
 19.219  0.436
 19.206  0.442
 19.272  0.501
 19.209  0.498
 19.229  0.448
 19.280  0.445
 19.278  0.446
 19.243  0.432
 19.248  0.439
 19.217  0.452
 19.220  0.445
 19.220  0.436
 19.287  0.457
 19.238  0.453
 19.216  0.453
 19.216  0.435
 19.214  0.439
 19.288  0.426
 19.250  0.431
 19.227  0.441
 19.285  0.436
 19.243  0.435
 19.295  0.457
 19.209  0.441
 19.246  0.466
 19.216  0.451
 19.271  0.457
 19.221  0.445
 19.222  0.438
 19.292  0.447
 19.294  0.432
 19.250  0.439
 19.283  0.450
 19.299  0.438
 19.205  0.441
 19.291  0.443
 19.233  0.446
 19.218  0.450
 19.282  0.457
 19.250  0.443
 19.300  0.455
 19.219  0.432
 19.252  0.448
 19.272  0.453
 19.284  0.454
 19.234  0.445
 19.276  0.453
 19.244  0.456
 19.299  0.462
 19.255  0.436
 19.252  0.444
 19.213  0.427
 19.223  0.449
 19.219  0.444
 19.228  0.447
 19.241  0.451
 19.209  0.442
 19.275  0.448
 19.286  0.446
 19.254  0.438
 19.311  0.438
 19.387  0.451
 19.365  0.446
 19.386  0.475
 19.312  0.440
 19.325  0.455
 19.349  0.446
 19.393  0.451
 19.385  0.458
 19.397  0.448
 19.396  0.475
 19.397  0.467
 19.390  0.449
 19.312  0.451
 19.320  0.453
 19.340  0.450
 19.358  0.451
 19.309  0.438
 19.360  0.447
 19.373  0.445
 19.343  0.448
 19.398  0.466
 19.342  0.442
 19.388  0.454
 19.378  0.436
 19.388  0.453
 19.338  0.432
 19.350  0.446
 19.342  0.456
 19.341  0.446
 19.321  0.444
 19.397  0.456
 19.312  0.453
 19.397  0.443
 19.392  0.458
 19.385  0.448
 19.345  0.496
 19.393  0.444
 19.318  0.434
 19.341  0.451
 19.376  0.471
 19.313  0.470
 19.360  0.429
 19.370  0.450
 19.333  0.454
 19.320  0.465
 19.393  0.454
 19.330  0.448
 19.349  0.451
 19.344  0.454
 19.390  0.457
 19.356  0.447
 19.335  0.452
 19.310  0.465
 19.355  0.470
 19.360  0.442
 19.356  0.444
 19.304  0.442
 19.345  0.484
 19.341  0.444
 19.324  0.436
 19.339  0.447
 19.345  0.457
 19.329  0.442
 19.309  0.455
 19.301  0.450
 19.397  0.458
 19.352  0.446
 19.355  0.460
 19.393  0.444
 19.396  0.448
 19.338  0.460
 19.332  0.445
 19.350  0.445
 19.381  0.459
 19.499  0.456
 19.497  0.464
 19.486  0.465
 19.494  0.458
 19.458  0.459
 19.464  0.466
 19.407  0.457
 19.480  0.454
 19.486  0.443
 19.447  0.497
 19.487  0.462
 19.466  0.463
 19.469  0.456
 19.490  0.444
 19.441  0.447
 19.423  0.461
 19.420  0.455
 19.411  0.433
 19.450  0.443
 19.438  0.456
 19.411  0.453
 19.409  0.441
 19.409  0.470
 19.476  0.444
 19.466  0.460
 19.411  0.453
 19.416  0.445
 19.422  0.436
 19.468  0.457
 19.476  0.457
 19.451  0.454
 19.428  0.452
 19.419  0.460
 19.420  0.457
 19.438  0.455
 19.405  0.443
 19.429  0.457
 19.431  0.460
 19.437  0.457
 19.493  0.450
 19.451  0.442
 19.463  0.457
 19.419  0.431
 19.409  0.456
 19.470  0.469
 19.405  0.457
 19.490  0.490
 19.425  0.452
 19.453  0.460
 19.421  0.452
 19.475  0.458
 19.473  0.456
 19.425  0.470
 19.439  0.441
 19.470  0.446
 19.412  0.450
 19.410  0.480
 19.443  0.481
 19.425  0.467
 19.429  0.457
 19.410  0.453
 19.463  0.463
 19.484  0.448
 19.406  0.463
 19.404  0.449
 19.497  0.465
 19.421  0.450
 19.439  0.449
 19.477  0.451
 19.428  0.446
 19.464  0.467
 19.430  0.451
 19.404  0.441
 19.493  0.485
 19.473  0.449
 19.567  0.463
 19.528  0.452
 19.578  0.455
 19.525  0.446
 19.536  0.452
 19.524  0.484
 19.518  0.461
 19.524  0.459
 19.515  0.445
 19.550  0.464
 19.521  0.465
 19.599  0.469
 19.543  0.460
 19.554  0.494
 19.578  0.456
 19.547  0.447
 19.537  0.457
 19.574  0.454
 19.598  0.466
 19.530  0.457
 19.503  0.449
 19.590  0.460
 19.559  0.521
 19.518  0.475
 19.583  0.464
 19.596  0.459
 19.509  0.453
 19.507  0.457
 19.581  0.468
 19.589  0.480
 19.559  0.397
 19.546  0.454
 19.508  0.468
 19.551  0.468
 19.513  0.458
 19.591  0.468
 19.540  0.442
 19.584  0.482
 19.587  0.450
 19.540  0.465
 19.543  0.459
 19.537  0.453
 19.587  0.451
 19.598  0.454
 19.503  0.458
 19.559  0.447
 19.596  0.459
 19.532  0.464
 19.559  0.484
 19.583  0.462
 19.598  0.486
 19.567  0.461
 19.511  0.453
 19.534  0.469
 19.540  0.444
 19.532  0.454
 19.564  0.446
 19.597  0.470
 19.545  0.448
 19.568  0.468
 19.535  0.455
 19.509  0.467
 19.557  0.519
 19.591  0.481
 19.537  0.455
 19.568  0.459
 19.591  0.460
 19.573  0.455
 19.520  0.468
 19.538  0.469
 19.529  0.455
 19.572  0.467
 19.532  0.481
 19.527  0.462
 19.581  0.465
 19.699  0.468
 19.627  0.470
 19.681  0.459
 19.634  0.469
 19.655  0.518
 19.653  0.511
 19.611  0.470
 19.694  0.472
 19.659  0.479
 19.687  0.471
 19.637  0.459
 19.633  0.455
 19.605  0.463
 19.629  0.481
 19.647  0.462
 19.679  0.487
 19.640  0.455
 19.638  0.442
 19.658  0.461
 19.673  0.481
 19.648  0.520
 19.614  0.463
 19.668  0.475
 19.679  0.454
 19.626  0.464
 19.651  0.468
 19.625  0.465
 19.622  0.457
 19.656  0.465
 19.610  0.456
 19.613  0.454
 19.651  0.445
 19.690  0.481
 19.670  0.469
 19.663  0.459
 19.669  0.475
 19.632  0.460
 19.610  0.458
 19.662  0.453
 19.624  0.462
 19.651  0.449
 19.630  0.472
 19.614  0.472
 19.650  0.453
 19.618  0.462
 19.666  0.471
 19.698  0.462
 19.675  0.476
 19.683  0.484
 19.635  0.469
 19.618  0.452
 19.629  0.483
 19.666  0.468
 19.667  0.472
 19.632  0.462
 19.681  0.491
 19.671  0.458
 19.699  0.475
 19.661  0.466
 19.651  0.472
 19.632  0.480
 19.638  0.428
 19.607  0.462
 19.660  0.468
 19.663  0.462
 19.642  0.479
 19.697  0.472
 19.625  0.488
 19.623  0.464
 19.604  0.471
 19.672  0.451
 19.674  0.460
 19.663  0.461
 19.637  0.454
 19.696  0.454
 19.743  0.470
 19.704  0.475
 19.746  0.472
 19.707  0.468
 19.734  0.468
 19.795  0.484
 19.725  0.492
 19.732  0.479
 19.755  0.475
 19.720  0.460
 19.761  0.487
 19.716  0.475
 19.793  0.487
 19.746  0.469
 19.797  0.503
 19.798  0.527
 19.750  0.457
 19.776  0.469
 19.740  0.512
 19.721  0.464
 19.710  0.481
 19.712  0.459
 19.728  0.451
 19.731  0.484
 19.781  0.463
 19.751  0.476
 19.709  0.528
 19.716  0.466
 19.758  0.536
 19.754  0.546
 19.757  0.488
 19.707  0.481
 19.751  0.452
 19.771  0.485
 19.744  0.478
 19.750  0.483
 19.746  0.462
 19.741  0.455
 19.772  0.503
 19.735  0.476
 19.748  0.479
 19.767  0.473
 19.746  0.485
 19.726  0.479
 19.709  0.461
 19.706  0.459
 19.789  0.483
 19.787  0.471
 19.718  0.457
 19.714  0.477
 19.759  0.464
 19.783  0.460
 19.786  0.479
 19.756  0.479
 19.761  0.469
 19.726  0.498
 19.729  0.487
 19.740  0.450
 19.788  0.475
 19.755  0.496
 19.770  0.464
 19.756  0.474
 19.718  0.460
 19.738  0.496
 19.764  0.450
 19.768  0.474
 19.714  0.465
 19.726  0.489
 19.785  0.469
 19.777  0.477
 19.729  0.474
 19.790  0.477
 19.743  0.468
 19.766  0.464
 19.774  0.461
 19.822  0.455
 19.895  0.476
 19.858  0.490
 19.867  0.484
 19.825  0.492
 19.893  0.471
 19.828  0.548
 19.818  0.499
 19.801  0.485
 19.808  0.477
 19.817  0.490
 19.842  0.456
 19.848  0.477
 19.879  0.475
 19.857  0.476
 19.857  0.492
 19.871  0.479
 19.864  0.460
 19.843  0.475
 19.820  0.456
 19.859  0.477
 19.871  0.481
 19.882  0.475
 19.846  0.464
 19.840  0.479
 19.813  0.488
 19.809  0.476
 19.853  0.502
 19.803  0.491
 19.845  0.471
 19.885  0.483
 19.804  0.468
 19.853  0.474
 19.821  0.495
 19.849  0.480
 19.812  0.468
 19.866  0.490
 19.853  0.472
 19.895  0.491
 19.899  0.520
 19.886  0.491
 19.840  0.470
 19.860  0.473
 19.801  0.466
 19.837  0.475
 19.820  0.477
 19.896  0.485
 19.824  0.468
 19.869  0.481
 19.804  0.497
 19.900  0.544
 19.898  0.473
 19.877  0.537
 19.869  0.492
 19.878  0.471
 19.812  0.466
 19.818  0.488
 19.887  0.493
 19.855  0.478
 19.883  0.459
 19.831  0.483
 19.859  0.496
 19.829  0.491
 19.832  0.476
 19.866  0.486
 19.836  0.445
 19.860  0.493
 19.890  0.479
 19.896  0.474
 19.803  0.493
 19.807  0.464
 19.895  0.480
 19.833  0.474
 19.835  0.474
 19.830  0.471
 19.903  0.478
 19.997  0.488
 19.951  0.470
 19.944  0.484
 19.909  0.477
 19.919  0.475
 19.930  0.480
 19.917  0.484
 19.943  0.486
 19.979  0.490
 19.940  0.511
 19.934  0.487
 19.975  0.488
 19.983  0.499
 19.946  0.481
 19.991  0.493
 19.928  0.483
 19.961  0.500
 19.970  0.485
 19.991  0.488
 19.933  0.469
 19.993  0.471
 19.993  0.532
 19.937  0.476
 19.989  0.486
 19.993  0.508
 19.905  0.483
 19.909  0.482
 19.936  0.510
 19.913  0.469
 19.978  0.519
 19.957  0.521
 19.975  0.482
 19.905  0.497
 19.998  0.495
 19.903  0.491
 19.916  0.482
 19.934  0.499
 19.949  0.475
 19.999  0.490
 19.938  0.492
 19.962  0.496
 19.930  0.518
 19.938  0.472
 19.984  0.507
 19.967  0.476
 19.913  0.499
 19.910  0.478
 19.991  0.494
 19.990  0.490
 19.980  0.479
 19.953  0.466
 19.993  0.485
 19.901  0.481
 19.974  0.448
 19.937  0.496
 19.901  0.480
 19.966  0.481
 19.968  0.493
 19.925  0.490
 19.978  0.464
 19.933  0.484
 19.938  0.477
 19.936  0.472
 19.954  0.493
 19.908  0.478
 19.915  0.484
 19.927  0.477
 19.959  0.494
 19.910  0.463
 19.953  0.510
 19.971  0.488
 19.981  0.478
 19.964  0.483
 19.923  0.481
 20.037  0.493
 20.025  0.488
 20.058  0.520
 20.048  0.482
 20.038  0.486
 20.090  0.494
 20.065  0.511
 20.033  0.488
 20.031  0.510
 20.087  0.521
 20.067  0.509
 20.097  0.514
 20.086  0.509
 20.074  0.514
 20.071  0.506
 20.019  0.534
 20.060  0.493
 20.016  0.483
 20.058  0.494
 20.059  0.510
 20.086  0.492
 20.047  0.523
 20.100  0.448
 20.091  0.507
 20.010  0.483
 20.061  0.518
 20.080  0.537
 20.061  0.484
 20.051  0.520
 20.031  0.488
 20.049  0.506
 20.031  0.498
 20.023  0.490
 20.011  0.505
 20.051  0.499
 20.080  0.479
 20.057  0.530
 20.038  0.505
 20.098  0.483
 20.039  0.490
 20.027  0.512
 20.100  0.501
 20.088  0.506
 20.017  0.489
 20.071  0.502
 20.078  0.502
 20.052  0.496
 20.063  0.507
 20.020  0.490
 20.031  0.472
 20.046  0.486
 20.081  0.513
 20.012  0.512
 20.019  0.490
 20.006  0.566
 20.089  0.497
 20.097  0.521
 20.080  0.483
 20.070  0.469
 20.050  0.517
 20.044  0.487
 20.014  0.480
 20.030  0.513
 20.098  0.496
 20.083  0.508
 20.047  0.495
 20.071  0.514
 20.049  0.510
 20.015  0.487
 20.070  0.510
 20.072  0.492
 20.058  0.491
 20.100  0.502
 20.089  0.526
 20.077  0.497
 20.129  0.525
 20.165  0.495
 20.113  0.496
 20.168  0.506
 20.126  0.533
 20.161  0.496
 20.137  0.490
 20.179  0.517
 20.187  0.526
 20.156  0.533
 20.166  0.527
 20.183  0.503
 20.101  0.502
 20.133  0.502
 20.181  0.523
 20.140  0.504
 20.120  0.490
 20.173  0.524
 20.157  0.507
 20.130  0.498
 20.155  0.500
 20.168  0.515
 20.111  0.499
 20.105  0.489
 20.107  0.492
 20.148  0.492
 20.148  0.495
 20.139  0.499
 20.133  0.500
 20.113  0.492
 20.177  0.515
 20.182  0.501
 20.173  0.493
 20.145  0.495
 20.142  0.476
 20.197  0.513
 20.109  0.508
 20.154  0.511
 20.120  0.515
 20.189  0.502
 20.115  0.513
 20.124  0.511
 20.111  0.497
 20.132  0.504
 20.128  0.496
 20.191  0.505
 20.184  0.553
 20.136  0.488
 20.172  0.497
 20.105  0.490
 20.144  0.502
 20.136  0.489
 20.101  0.500
 20.110  0.483
 20.164  0.504
 20.134  0.509
 20.118  0.502
 20.138  0.513
 20.149  0.514
 20.156  0.515
 20.137  0.496
 20.152  0.471
 20.132  0.522
 20.157  0.513
 20.193  0.496
 20.126  0.494
 20.181  0.512
 20.181  0.503
 20.134  0.517
 20.104  0.546
 20.115  0.490
 20.184  0.519
 20.125  0.502
 20.143  0.512
 20.181  0.486
 20.295  0.513
 20.248  0.505
 20.215  0.505
 20.216  0.498
 20.293  0.531
 20.294  0.530
 20.233  0.506
 20.228  0.518
 20.296  0.519
 20.248  0.503
 20.288  0.516
 20.276  0.507
 20.240  0.526
 20.267  0.497
 20.274  0.512
 20.224  0.496
 20.246  0.521
 20.231  0.514
 20.286  0.518
 20.203  0.512
 20.204  0.509
 20.226  0.494
 20.202  0.502
 20.267  0.528
 20.285  0.501
 20.281  0.505
 20.252  0.528
 20.274  0.516
 20.293  0.517
 20.201  0.506
 20.218  0.497
 20.253  0.527
 20.233  0.500
 20.204  0.499
 20.278  0.519
 20.202  0.500
 20.231  0.528
 20.212  0.500
 20.238  0.509
 20.242  0.507
 20.232  0.511
 20.203  0.487
 20.250  0.509
 20.247  0.516
 20.289  0.531
 20.288  0.515
 20.253  0.495
 20.283  0.516
 20.213  0.515
 20.285  0.498
 20.259  0.498
 20.208  0.500
 20.299  0.525
 20.213  0.516
 20.268  0.524
 20.298  0.517
 20.245  0.498
 20.269  0.515
 20.273  0.518
 20.242  0.513
 20.268  0.503
 20.266  0.533
 20.224  0.490
 20.253  0.509
 20.275  0.514
 20.248  0.510
 20.268  0.502
 20.218  0.500
 20.247  0.495
 20.205  0.498
 20.252  0.526
 20.272  0.506
 20.273  0.532
 20.237  0.518
 20.287  0.509
 20.315  0.554
 20.341  0.516
 20.394  0.510
 20.353  0.577
 20.319  0.542
 20.395  0.534
 20.359  0.521
 20.307  0.530
 20.308  0.506
 20.372  0.502
 20.345  0.513
 20.392  0.538
 20.321  0.525
 20.330  0.528
 20.322  0.511
 20.345  0.528
 20.400  0.552
 20.384  0.598
 20.386  0.520
 20.397  0.589
 20.318  0.523
 20.374  0.522
 20.303  0.502
 20.313  0.511
 20.312  0.529
 20.350  0.508
 20.325  0.512
 20.340  0.525
 20.313  0.529
 20.331  0.532
 20.399  0.633
 20.304  0.491
 20.353  0.523
 20.389  0.521
 20.336  0.509
 20.394  0.536
 20.366  0.509
 20.361  0.516
 20.397  0.528
 20.333  0.581
 20.325  0.520
 20.394  0.523
 20.367  0.518
 20.383  0.517
 20.358  0.509
 20.321  0.519
 20.371  0.563
 20.345  0.524
 20.358  0.581
 20.370  0.533
 20.305  0.522
 20.370  0.590
 20.328  0.520
 20.311  0.516
 20.306  0.528
 20.377  0.521
 20.342  0.532
 20.311  0.524
 20.378  0.511
 20.356  0.522
 20.346  0.521
 20.355  0.505
 20.391  0.536
 20.329  0.520
 20.375  0.531
 20.355  0.527
 20.331  0.521
 20.389  0.513
 20.331  0.523
 20.366  0.530
 20.383  0.517
 20.398  0.525
 20.367  0.518
 20.306  0.537
 20.335  0.501
 20.456  0.542
 20.498  0.528
 20.481  0.508
 20.426  0.516
 20.500  0.535
 20.492  0.529
 20.437  0.544
 20.418  0.516
 20.454  0.556
 20.459  0.549
 20.413  0.525
 20.441  0.546
 20.451  0.522
 20.462  0.527
 20.461  0.551
 20.453  0.570
 20.439  0.535
 20.457  0.535
 20.409  0.521
 20.459  0.627
 20.401  0.530
 20.444  0.510
 20.401  0.520
 20.469  0.513
 20.497  0.543
 20.448  0.510
 20.415  0.526
 20.429  0.541
 20.442  0.549
 20.479  0.563
 20.494  0.549
 20.434  0.604
 20.441  0.545
 20.404  0.513
 20.436  0.540
 20.420  0.523
 20.453  0.538
 20.419  0.535
 20.420  0.534
 20.454  0.521
 20.462  0.539
 20.427  0.545
 20.423  0.537
 20.487  0.612
 20.489  0.596
 20.446  0.534
 20.496  0.509
 20.496  0.556
 20.442  0.530
 20.403  0.500
 20.475  0.564
 20.426  0.547
 20.469  0.563
 20.436  0.537
 20.423  0.549
 20.436  0.515
 20.444  0.535
 20.489  0.534
 20.451  0.623
 20.499  0.532
 20.476  0.546
 20.434  0.519
 20.478  0.533
 20.408  0.525
 20.433  0.523
 20.427  0.508
 20.451  0.530
 20.453  0.524
 20.451  0.534
 20.493  0.507
 20.405  0.537
 20.469  0.580
 20.468  0.530
 20.436  0.523
 20.492  0.540
 20.596  0.545
 20.510  0.551
 20.579  0.538
 20.582  0.539
 20.539  0.549
 20.513  0.556
 20.569  0.556
 20.596  0.540
 20.562  0.647
 20.536  0.550
 20.545  0.555
 20.584  0.546
 20.503  0.540
 20.506  0.658
 20.544  0.538
 20.529  0.542
 20.512  0.540
 20.549  0.560
 20.507  0.538
 20.589  0.542
 20.587  0.544
 20.509  0.530
 20.584  0.548
 20.539  0.535
 20.526  0.537
 20.583  0.550
 20.550  0.535
 20.549  0.546
 20.508  0.519
 20.533  0.610
 20.527  0.629
 20.518  0.550
 20.589  0.545
 20.589  0.565
 20.506  0.553
 20.560  0.535
 20.518  0.600
 20.541  0.551
 20.551  0.634
 20.549  0.547
 20.582  0.559
 20.578  0.584
 20.577  0.533
 20.546  0.541
 20.520  0.531
 20.524  0.536
 20.555  0.547
 20.504  0.530
 20.501  0.593
 20.528  0.531
 20.559  0.531
 20.531  0.557
 20.584  0.535
 20.507  0.543
 20.509  0.542
 20.512  0.532
 20.542  0.503
 20.521  0.557
 20.513  0.528
 20.574  0.530
 20.526  0.561
 20.563  0.543
 20.565  0.552
 20.518  0.544
 20.566  0.548
 20.567  0.545
 20.600  0.541
 20.510  0.546
 20.514  0.520
 20.581  0.547
 20.589  0.555
 20.573  0.547
 20.551  0.526
 20.570  0.542
 20.545  0.562
 20.627  0.553
 20.655  0.556
 20.687  0.549
 20.607  0.538
 20.700  0.561
 20.610  0.556
 20.663  0.538
 20.634  0.562
 20.658  0.590
 20.631  0.549
 20.653  0.553
 20.658  0.560
 20.672  0.563
 20.646  0.545
 20.643  0.555
 20.627  0.549
 20.601  0.551
 20.691  0.573
 20.623  0.545
 20.683  0.552
 20.670  0.547
 20.696  0.559
 20.692  0.588
 20.659  0.580
 20.665  0.561
 20.604  0.553
 20.646  0.538
 20.697  0.558
 20.648  0.568
 20.668  0.564
 20.673  0.566
 20.628  0.540
 20.665  0.576
 20.698  0.552
 20.657  0.565
 20.662  0.563
 20.655  0.557
 20.605  0.564
 20.649  0.571
 20.669  0.522
 20.646  0.549
 20.619  0.554
 20.616  0.580
 20.677  0.534
 20.683  0.564
 20.668  0.570
 20.668  0.552
 20.613  0.559
 20.676  0.572
 20.623  0.547
 20.682  0.543
 20.676  0.552
 20.676  0.534
 20.677  0.567
 20.675  0.565
 20.613  0.600
 20.653  0.560
 20.633  0.545
 20.651  0.536
 20.642  0.564
 20.653  0.572
 20.645  0.597
 20.605  0.547
 20.668  0.544
 20.620  0.567
 20.612  0.556
 20.669  0.558
 20.683  0.568
 20.636  0.563
 20.669  0.554
 20.628  0.550
 20.662  0.556
 20.651  0.544
 20.641  0.590
 20.635  0.568
 20.788  0.555
 20.782  0.541
 20.767  0.585
 20.736  0.563
 20.760  0.571
 20.744  0.562
 20.753  0.566
 20.705  0.530
 20.774  0.582
 20.779  0.579
 20.761  0.570
 20.731  0.546
 20.758  0.568
 20.704  0.567
 20.734  0.549
 20.761  0.550
 20.759  0.558
 20.794  0.605
 20.701  0.559
 20.738  0.565
 20.739  0.560
 20.720  0.559
 20.767  0.569
 20.797  0.573
 20.718  0.587
 20.752  0.560
 20.716  0.553
 20.744  0.566
 20.707  0.620
 20.766  0.675
 20.705  0.594
 20.744  0.562
 20.745  0.536
 20.726  0.553
 20.783  0.571
 20.767  0.576
 20.718  0.570
 20.781  0.567
 20.729  0.663
 20.732  0.548
 20.741  0.592
 20.743  0.577
 20.728  0.553
 20.760  0.562
 20.771  0.573
 20.704  0.556
 20.758  0.585
 20.739  0.553
 20.757  0.576
 20.797  0.589
 20.707  0.637
 20.782  0.581
 20.751  0.582
 20.714  0.575
 20.746  0.623
 20.754  0.579
 20.709  0.580
 20.711  0.566
 20.782  0.525
 20.784  0.569
 20.723  0.561
 20.708  0.565
 20.788  0.549
 20.729  0.561
 20.754  0.570
 20.791  0.583
 20.729  0.552
 20.709  0.568
 20.800  0.561
 20.796  0.562
 20.769  0.576
 20.716  0.550
 20.711  0.564
 20.717  0.563
 20.783  0.548
 20.824  0.589
 20.811  0.603
 20.871  0.556
 20.853  0.630
 20.831  0.556
 20.895  0.639
 20.801  0.584
 20.863  0.571
 20.830  0.596
 20.840  0.599
 20.854  0.579
 20.847  0.573
 20.805  0.569
 20.802  0.575
 20.886  0.595
 20.846  0.567
 20.825  0.583
 20.877  0.570
 20.884  0.583
 20.823  0.609
 20.870  0.570
 20.841  0.593
 20.812  0.564
 20.801  0.572
 20.831  0.583
 20.863  0.614
 20.877  0.600
 20.810  0.565
 20.843  0.610
 20.872  0.572
 20.832  0.547
 20.895  0.603
 20.898  0.590
 20.817  0.594
 20.886  0.645
 20.846  0.592
 20.854  0.563
 20.802  0.575
 20.843  0.594
 20.801  0.560
 20.845  0.578
 20.803  0.583
 20.804  0.561
 20.805  0.547
 20.891  0.603
 20.852  0.572
 20.837  0.586
 20.802  0.582
 20.834  0.561
 20.812  0.551
 20.872  0.574
 20.860  0.575
 20.885  0.565
 20.827  0.579
 20.891  0.577
 20.872  0.578
 20.849  0.589
 20.865  0.574
 20.827  0.611
 20.848  0.577
 20.865  0.581
 20.833  0.558
 20.808  0.575
 20.812  0.571
 20.826  0.581
 20.819  0.573
 20.802  0.593
 20.845  0.574
 20.839  0.550
 20.850  0.573
 20.865  0.589
 20.885  0.572
 20.870  0.569
 20.823  0.553
 20.835  0.577
 20.915  0.579
 20.914  0.586
 20.980  0.608
 20.976  0.601
 20.929  0.564
 20.935  0.607
 20.910  0.585
 20.948  0.576
 20.969  0.599
 20.984  0.594
 20.959  0.610
 20.923  0.584
 20.922  0.639
 20.908  0.611
 20.967  0.594
 20.939  0.610
 20.942  0.577
 20.955  0.619
 20.902  0.603
 20.968  0.627
 20.950  0.596
 20.942  0.584
 20.957  0.607
 20.932  0.608
 20.903  0.586
 20.938  0.595
 20.987  0.619
 20.992  0.594
 20.963  0.592
 20.922  0.591
 20.989  0.605
 21.000  0.605
 20.936  0.585
 20.949  0.579
 20.934  0.580
 20.949  0.585
 20.981  0.603
 20.933  0.585
 20.931  0.591
 20.942  0.583
 20.950  0.573
 20.972  0.617
 20.951  0.612
 20.902  0.608
 20.982  0.661
 20.956  0.627
 20.997  0.605
 20.963  0.613
 20.994  0.586
 20.989  0.595
 20.915  0.575
 20.901  0.574
 20.993  0.606
 20.963  0.579
 20.962  0.610
 20.938  0.567
 20.973  0.592
 20.938  0.606
 20.920  0.570
 20.922  0.591
 20.920  0.641
 20.954  0.612
 20.923  0.589
 20.909  0.583
 20.999  0.608
 20.985  0.603
 20.926  0.585
 20.930  0.587
 20.957  0.577
 20.913  0.549
 20.984  0.598
 20.960  0.597
 20.945  0.593
 20.902  0.671
 20.978  0.577
 21.077  0.618
 21.025  0.605
 21.012  0.631
 21.089  0.617
 21.006  0.626
 21.098  0.616
 21.001  0.593
 21.068  0.600
 21.012  0.572
 21.034  0.606
 21.009  0.599
 21.002  0.602
 21.027  0.620
 21.076  0.757
 21.034  0.597
 21.073  0.600
 21.028  0.566
 21.055  0.614
 21.009  0.709
 21.019  0.600
 21.063  0.617
 21.048  0.607
 21.092  0.601
 21.057  0.579
 21.050  0.631
 21.083  0.666
 21.030  0.607
 21.014  0.594
 21.028  0.607
 21.048  0.607
 21.034  0.711
 21.083  0.578
 21.033  0.695
 21.033  0.600
 21.006  0.579
 21.007  0.588
 21.094  0.615
 21.021  0.607
 21.001  0.600
 21.091  0.599
 21.064  0.608
 21.061  0.610
 21.092  0.639
 21.072  0.632
 21.002  0.600
 21.031  0.610
 21.028  0.647
 21.048  0.609
 21.049  0.606
 21.035  0.611
 21.034  0.584
 21.033  0.606
 21.048  0.608
 21.030  0.624
 21.071  0.609
 21.067  0.609
 21.087  0.592
 21.053  0.601
 21.019  0.633
 21.044  0.596
 21.089  0.604
 21.013  0.602
 21.082  0.625
 21.084  0.636
 21.024  0.613
 21.005  0.616
 21.072  0.590
 21.038  0.590
 21.036  0.596
 21.037  0.583
 21.078  0.608
 21.036  0.630
 21.009  0.612
 21.095  0.599
 21.005  0.606
 21.154  0.603
 21.136  0.626
 21.148  0.599
 21.106  0.625
 21.128  0.627
 21.133  0.609
 21.174  0.625
 21.189  0.633
 21.199  0.629
 21.135  0.607
 21.170  0.614
 21.129  0.607
 21.127  0.633
 21.164  0.602
 21.198  0.638
 21.135  0.603
 21.109  0.617
 21.184  0.618
 21.104  0.607
 21.138  0.630
 21.158  0.628
 21.154  0.608
 21.151  0.613
 21.112  0.662
 21.156  0.630
 21.155  0.609
 21.168  0.623
 21.160  0.614
 21.175  0.645
 21.123  0.606
 21.155  0.621
 21.173  0.622
 21.150  0.611
 21.196  0.621
 21.186  0.642
 21.181  0.627
 21.164  0.616
 21.200  0.584
 21.163  0.646
 21.141  0.671
 21.104  0.595
 21.181  0.598
 21.135  0.608
 21.126  0.625
 21.137  0.634
 21.160  0.636
 21.133  0.617
 21.108  0.611
 21.162  0.649
 21.147  0.622
 21.157  0.621
 21.153  0.631
 21.154  0.607
 21.169  0.628
 21.119  0.607
 21.171  0.628
 21.136  0.650
 21.157  0.588
 21.120  0.603
 21.159  0.635
 21.182  0.602
 21.117  0.637
 21.116  0.643
 21.160  0.619
 21.183  0.591
 21.125  0.616
 21.109  0.627
 21.180  0.635
 21.191  0.609
 21.148  0.600
 21.162  0.609
 21.109  0.615
 21.158  0.604
 21.175  0.630
 21.108  0.596
 21.290  0.637
 21.229  0.627
 21.288  0.627
 21.203  0.602
 21.226  0.629
 21.289  0.641
 21.258  0.635
 21.257  0.630
 21.253  0.641
 21.229  0.631
 21.299  0.664
 21.209  0.635
 21.211  0.596
 21.262  0.666
 21.247  0.607
 21.230  0.627
 21.242  0.622
 21.230  0.639
 21.229  0.622
 21.251  0.629
 21.238  0.642
 21.227  0.639
 21.295  0.646
 21.239  0.623
 21.247  0.660
 21.207  0.627
 21.235  0.646
 21.227  0.641
 21.225  0.603
 21.246  0.620
 21.207  0.621
 21.230  0.607
 21.212  0.625
 21.218  0.630
 21.236  0.655
 21.297  0.647
 21.280  0.648
 21.216  0.627
 21.275  0.660
 21.247  0.636
 21.227  0.630
 21.227  0.656
 21.280  0.839
 21.252  0.606
 21.238  0.608
 21.230  0.620
 21.202  0.622
 21.219  0.631
 21.229  0.621
 21.221  0.607
 21.286  0.608
 21.268  0.631
 21.216  0.662
 21.214  0.631
 21.259  0.647
 21.272  0.662
 21.266  0.631
 21.221  0.632
 21.255  0.635
 21.270  0.636
 21.234  0.632
 21.244  0.668
 21.271  0.662
 21.280  0.654
 21.271  0.628
 21.206  0.629
 21.217  0.640
 21.228  0.654
 21.216  0.731
 21.250  0.633
 21.263  0.607
 21.294  0.607
 21.248  0.644
 21.204  0.612
 21.247  0.640
 21.320  0.648
 21.325  0.646
 21.373  0.741
 21.318  0.644
 21.395  0.676
 21.305  0.638
 21.369  0.644
 21.378  0.651
 21.319  0.665
 21.367  0.644
 21.343  0.636
 21.383  0.662
 21.309  0.654
 21.347  0.618
 21.379  0.643
 21.333  0.635
 21.341  0.662
 21.390  0.655
 21.348  0.703
 21.399  0.665
 21.315  0.637
 21.303  0.654
 21.373  0.649
 21.387  0.654
 21.372  0.644
 21.318  0.689
 21.328  0.650
 21.362  0.669
 21.317  0.647
 21.305  0.624
 21.322  0.614
 21.385  0.688
 21.385  0.673
 21.354  0.663
 21.386  0.645
 21.400  0.679
 21.322  0.636
 21.374  0.577
 21.349  0.659
 21.394  0.662
 21.375  0.647
 21.325  0.656
 21.306  0.639
 21.373  0.639
 21.375  0.663
 21.355  0.625
 21.382  0.635
 21.302  0.644
 21.357  0.616
 21.342  0.652
 21.385  0.664
 21.348  0.665
 21.312  0.640
 21.339  0.667
 21.356  0.645
 21.331  0.674
 21.310  0.664
 21.310  0.636
 21.304  0.639
 21.314  0.683
 21.302  0.646
 21.304  0.647
 21.359  0.641
 21.347  0.680
 21.357  0.660
 21.348  0.651
 21.370  0.647
 21.304  0.656
 21.378  0.670
 21.333  0.662
 21.336  0.637
 21.322  0.663
 21.318  0.647
 21.340  0.653
 21.305  0.638
 21.405  0.658
 21.478  0.688
 21.443  0.695
 21.401  0.658
 21.424  0.626
 21.490  0.697
 21.409  0.665
 21.437  0.654
 21.423  0.690
 21.475  0.683
 21.406  0.642
 21.469  0.670
 21.455  0.648
 21.424  0.665
 21.479  0.665
 21.475  0.661
 21.493  0.673
 21.405  0.682
 21.429  0.652
 21.424  0.663
 21.418  0.653
 21.443  0.669
 21.439  0.662
 21.433  0.661
 21.493  0.808
 21.434  0.690
 21.494  0.657
 21.458  0.637
 21.473  0.652
 21.408  0.726
 21.453  0.661
 21.446  0.690
 21.500  0.688
 21.479  0.791
 21.416  0.645
 21.468  0.757
 21.453  0.664
 21.406  0.652
 21.449  0.676
 21.433  0.666
 21.441  0.686
 21.467  0.664
 21.475  0.704
 21.498  0.681
 21.455  0.647
 21.494  0.677
 21.463  0.686
 21.496  0.649
 21.418  0.664
 21.426  0.646
 21.403  0.663
 21.474  0.645
 21.476  0.656
 21.441  0.675
 21.421  0.672
 21.470  0.685
 21.402  0.648
 21.483  0.658
 21.479  0.661
 21.422  0.638
 21.434  0.648
 21.427  0.650
 21.457  0.672
 21.405  0.624
 21.418  0.645
 21.432  0.653
 21.463  0.817
 21.423  0.707
 21.452  0.753
 21.468  0.689
 21.481  0.676
 21.431  0.677
 21.439  0.648
 21.431  0.676
 21.461  0.677
 21.556  0.673
 21.534  0.682
 21.503  0.668
 21.507  0.670
 21.523  0.698
 21.546  0.666
 21.515  0.656
 21.599  0.720
 21.572  0.640
 21.574  0.676
 21.574  0.681
 21.570  0.677
 21.570  0.684
 21.551  0.701
 21.554  0.743
 21.512  0.667
 21.501  0.673
 21.546  0.657
 21.568  0.700
 21.507  0.676
 21.570  0.697
 21.565  0.682
 21.588  0.683
 21.509  0.668
 21.504  0.736
 21.515  0.665
 21.595  0.681
 21.567  0.691
 21.533  0.673
 21.539  0.697
 21.513  0.704
 21.566  0.702
 21.520  0.667
 21.542  0.700
 21.511  0.664
 21.590  0.690
 21.575  0.698
 21.589  0.696
 21.524  0.687
 21.543  0.659
 21.523  0.666
 21.576  0.638
 21.507  0.830
 21.506  0.639
 21.527  0.670
 21.563  0.656
 21.504  0.658
 21.548  0.668
 21.566  0.703
 21.549  0.668
 21.530  0.700
 21.505  0.697
 21.501  0.657
 21.506  0.682
 21.591  0.674
 21.504  0.672
 21.561  0.666
 21.570  0.685
 21.538  0.678
 21.523  0.686
 21.524  0.650
 21.532  0.660
 21.568  0.726
 21.541  0.690
 21.587  0.685
 21.523  0.648
 21.583  0.691
 21.553  0.671
 21.550  0.733
 21.589  0.694
 21.558  0.689
 21.558  0.665
 21.511  0.678
 21.561  0.666
 21.520  0.695
 21.631  0.851
 21.650  0.703
 21.607  0.712
 21.675  0.707
 21.660  0.682
 21.673  0.712
 21.661  0.701
 21.671  0.699
 21.662  0.772
 21.622  0.698
 21.663  0.680
 21.658  0.686
 21.603  0.693
 21.673  0.695
 21.684  0.699
 21.602  0.676
 21.621  0.709
 21.630  0.667
 21.626  0.750
 21.692  0.697
 21.619  0.672
 21.694  0.665
 21.646  0.691
 21.662  0.701
 21.603  0.681
 21.654  0.658
 21.609  0.716
 21.681  0.688
 21.688  0.700
 21.626  0.679
 21.632  0.667
 21.678  0.663
 21.611  0.674
 21.650  0.707
 21.604  0.654
 21.642  0.690
 21.646  0.711
 21.688  0.697
 21.614  0.678
 21.664  0.763
 21.665  0.688
 21.692  0.693
 21.622  0.752
 21.689  0.692
 21.644  0.684
 21.617  0.711
 21.627  0.693
 21.633  0.698
 21.684  0.681
 21.688  0.704
 21.658  0.700
 21.623  0.689
 21.671  0.721
 21.672  0.686
 21.676  0.688
 21.604  0.705
 21.625  0.720
 21.661  0.688
 21.636  0.690
 21.686  0.859
 21.652  0.792
 21.664  0.716
 21.690  0.678
 21.652  0.723
 21.694  0.831
 21.622  0.689
 21.676  0.676
 21.664  0.707
 21.668  0.708
 21.640  0.669
 21.625  0.695
 21.604  0.663
 21.617  0.691
 21.606  0.679
 21.653  0.699
 21.720  0.667
 21.799  0.744
 21.746  0.711
 21.739  0.688
 21.728  0.683
 21.760  0.729
 21.703  0.723
 21.770  0.712
 21.726  0.695
 21.770  0.726
 21.766  0.735
 21.736  0.699
 21.750  0.702
 21.725  0.707
 21.752  0.705
 21.754  0.795
 21.758  0.716
 21.769  0.744
 21.709  0.920
 21.780  0.744
 21.722  0.671
 21.705  0.713
 21.749  0.747
 21.778  0.747
 21.750  0.714
 21.759  0.716
 21.798  0.717
 21.781  0.660
 21.711  0.728
 21.780  0.706
 21.745  0.703
 21.784  0.717
 21.704  0.724
 21.711  0.738
 21.713  0.745
 21.714  0.692
 21.787  0.727
 21.773  0.726
 21.799  0.714
 21.712  0.708
 21.702  0.709
 21.753  0.717
 21.728  0.726
 21.744  0.716
 21.799  0.742
 21.707  0.707
 21.731  0.724
 21.773  0.706
 21.730  0.728
 21.732  0.736
 21.716  0.746
 21.737  0.686
 21.756  0.705
 21.736  0.713
 21.775  0.738
 21.771  0.700
 21.780  0.817
 21.770  0.735
 21.746  0.707
 21.704  0.722
 21.775  0.723
 21.750  0.705
 21.723  0.716
 21.744  0.707
 21.785  0.708
 21.732  0.681
 21.776  0.750
 21.751  0.710
 21.709  0.702
 21.799  0.834
 21.777  0.725
 21.742  0.769
 21.776  0.699
 21.748  0.680
 21.735  0.760
 21.804  0.779
 21.866  0.718
 21.899  0.814
 21.897  0.823
 21.898  0.773
 21.839  0.740
 21.820  0.731
 21.822  0.706
 21.843  0.729
 21.816  0.754
 21.807  0.765
 21.897  0.746
 21.857  0.765
 21.876  0.758
 21.809  0.713
 21.849  0.701
 21.829  0.724
 21.859  0.739
 21.841  0.734
 21.819  0.729
 21.849  0.764
 21.900  0.705
 21.868  0.752
 21.806  0.733
 21.841  0.738
 21.809  0.714
 21.828  0.886
 21.857  0.721
 21.806  0.713
 21.896  0.720
 21.842  0.747
 21.893  0.721
 21.862  0.724
 21.802  0.763
 21.805  0.787
 21.832  0.708
 21.900  0.770
 21.875  0.788
 21.846  0.691
 21.845  0.730
 21.860  0.766
 21.850  0.708
 21.812  0.752
 21.892  0.763
 21.813  0.690
 21.882  0.748
 21.803  0.735
 21.857  0.738
 21.849  0.760
 21.824  0.739
 21.802  0.722
 21.843  0.745
 21.889  0.739
 21.833  0.730
 21.847  0.742
 21.805  0.694
 21.874  0.733
 21.891  0.747
 21.822  0.707
 21.883  0.790
 21.895  0.739
 21.858  0.714
 21.858  0.716
 21.861  0.734
 21.801  0.731
 21.866  0.772
 21.809  0.744
 21.838  0.711
 21.882  0.746
 21.808  0.763
 21.824  0.724
 21.802  0.735
 21.804  0.712
 21.845  0.750
 21.826  0.731
 21.914  0.736
 21.941  0.746
 21.957  0.763
 21.981  0.772
 21.976  0.789
 21.997  0.771
 21.955  0.776
 21.915  0.749
 21.929  0.784
 21.938  0.727
 21.995  0.773
 21.937  0.820
 21.906  0.768
 21.950  0.750
 21.952  0.754
 21.979  0.767
 21.913  0.720
 21.948  0.745
 21.922  0.727
 21.961  0.882
 21.995  0.716
 21.946  0.729
 21.974  0.747
 21.943  0.781
 21.952  0.741
 21.961  0.768
 21.979  0.730
 21.996  0.758
 21.930  0.724
 21.962  0.701
 21.922  0.736
 21.929  0.748
 21.943  0.746
 21.965  0.760
 21.980  0.757
 21.903  0.744
 21.916  0.733
 21.913  0.752
 21.922  0.734
 21.937  0.823
 21.909  0.768
 21.945  0.756
 21.943  0.831
 21.939  0.727
 21.973  0.728
 21.949  0.725
 21.993  0.760
 21.992  0.743
 21.930  0.745
 21.946  0.830
 21.999  0.743
 21.939  0.713
 21.978  0.773
 21.972  0.747
 21.940  0.748
 21.933  0.728
 21.909  0.737
 21.932  0.752
 21.903  0.786
 21.924  0.757
 21.989  0.780
 21.978  0.745
 21.906  0.735
 21.994  0.756
 21.959  0.741
 21.950  0.763
 21.969  0.779
 21.960  0.758
 21.980  0.765
 21.975  0.746
 21.913  0.722
 21.944  0.732
 21.972  0.740
 21.964  0.746
 21.950  0.733
 22.057  0.771
 22.045  0.826
 22.043  0.778
 22.028  0.800
 22.043  0.781
 22.067  0.786
 22.024  0.788
 22.077  0.790
 22.080  0.769
 22.011  0.778
 22.076  0.762
 22.036  0.761
 22.079  0.753
 22.072  0.774
 22.080  0.772
 22.092  0.756
 22.001  0.767
 22.060  0.772
 22.014  0.752
 22.024  0.750
 22.010  0.759
 22.015  0.779
 22.087  0.754
 22.019  0.725
 22.060  0.751
 22.033  0.804
 22.069  0.765
 22.068  0.765
 22.028  0.774
 22.020  0.790
 22.080  0.797
 22.087  0.748
 22.093  0.759
 22.020  0.729
 22.013  0.732
 22.027  0.758
 22.041  0.764
 22.056  0.759
 22.061  0.780
 22.027  0.737
 22.068  0.751
 22.078  0.783
 22.063  0.765
 22.039  0.784
 22.039  0.779
 22.061  0.816
 22.086  0.763
 22.024  0.842
 22.068  0.805
 22.039  0.770
 22.040  0.758
 22.017  0.742
 22.001  0.748
 22.001  0.770
 22.021  0.779
 22.002  0.760
 22.044  0.783
 22.080  0.765
 22.007  0.738
 22.065  0.773
 22.019  0.732
 22.071  0.801
 22.020  0.737
 22.010  0.861
 22.070  0.766
 22.062  0.831
 22.026  0.834
 22.074  0.784
 22.057  0.777
 22.046  0.746
 22.100  0.757
 22.024  0.812
 22.008  0.754
 22.012  0.770
 22.094  0.796
 22.127  0.780
 22.187  0.855
 22.158  0.817
 22.173  0.783
 22.180  0.818
 22.141  0.767
 22.174  0.820
 22.182  0.794
 22.164  0.823
 22.188  0.777
 22.187  0.807
 22.152  0.732
 22.104  0.788
 22.156  0.779
 22.200  0.864
 22.135  0.785
 22.193  0.801
 22.108  0.729
 22.150  0.791
 22.185  0.823
 22.122  0.761
 22.172  0.809
 22.113  0.774
 22.141  0.805
 22.151  0.805
 22.171  0.816
 22.112  0.725
 22.163  0.863
 22.109  0.773
 22.118  0.795
 22.140  0.766
 22.139  0.875
 22.194  0.826
 22.184  0.754
 22.177  0.785
 22.114  0.751
 22.157  0.815
 22.184  0.784
 22.108  0.817
 22.179  0.752
 22.112  0.795
 22.124  0.784
 22.196  0.823
 22.176  0.792
 22.188  0.785
 22.181  0.796
 22.180  0.790
 22.148  0.893
 22.118  0.778
 22.109  0.775
 22.104  0.754
 22.154  0.803
 22.135  0.809
 22.114  0.773
 22.190  0.767
 22.185  0.804
 22.145  0.782
 22.103  0.836
 22.162  0.801
 22.172  0.810
 22.155  0.783
 22.148  0.812
 22.173  0.805
 22.136  0.705
 22.165  0.828
 22.156  0.826
 22.157  0.790
 22.106  0.826
 22.187  0.792
 22.179  0.774
 22.167  0.774
 22.159  0.782
 22.109  1.445
 22.148  0.797
 22.144  0.818
 22.272  0.815
 22.250  0.811
 22.292  0.816
 22.283  0.796
 22.287  0.805
 22.227  0.805
 22.263  0.830
 22.270  0.823
 22.234  0.804
 22.214  0.789
 22.240  0.837
 22.290  0.811
 22.274  0.843
 22.242  0.832
 22.255  0.788
 22.243  0.801
 22.208  0.821
 22.231  0.807
 22.300  0.849
 22.272  0.812
 22.255  0.802
 22.263  0.806
 22.235  0.804
 22.289  0.812
 22.260  0.807
 22.221  0.785
 22.229  0.775
 22.212  0.745
 22.235  0.806
 22.258  0.813
 22.287  0.827
 22.221  0.774
 22.253  0.826
 22.273  0.806
 22.258  0.787
 22.268  0.919
 22.300  0.789
 22.241  0.832
 22.208  0.832
 22.269  0.817
 22.269  0.816
 22.216  0.846
 22.210  0.784
 22.259  0.792
 22.225  0.819
 22.292  0.790
 22.260  0.877
 22.232  0.800
 22.282  0.840
 22.295  0.825
 22.287  0.833
 22.284  0.814
 22.256  0.782
 22.224  0.953
 22.238  0.793
 22.224  0.871
 22.209  0.783
 22.212  0.819
 22.221  0.813
 22.286  0.804
 22.245  0.886
 22.206  0.803
 22.256  0.784
 22.229  0.789
 22.273  0.811
 22.285  0.795
 22.210  0.803
 22.203  0.816
 22.239  0.803
 22.236  0.805
 22.275  0.827
 22.296  0.823
 22.207  0.800
 22.263  0.798
 22.267  0.804
 22.348  0.857
 22.331  0.796
 22.305  0.829
 22.345  0.843
 22.304  0.857
 22.399  0.860
 22.374  0.836
 22.328  0.831
 22.331  0.844
 22.347  0.857
 22.312  0.844
 22.356  0.847
 22.378  0.878
 22.314  0.773
 22.322  0.819
 22.346  0.801
 22.380  0.819
 22.400  0.895
 22.309  0.815
 22.362  0.831
 22.329  0.824
 22.364  0.898
 22.357  0.840
 22.372  0.851
 22.307  0.836
 22.355  0.824
 22.393  0.861
 22.331  0.837
 22.302  0.836
 22.343  0.811
 22.309  0.817
 22.390  0.845
 22.335  0.834
 22.307  0.861
 22.368  0.831
 22.350  0.867
 22.382  0.849
 22.358  0.819
 22.336  0.830
 22.331  0.821
 22.346  0.854
 22.329  0.823
 22.376  0.832
 22.352  0.898
 22.335  0.840
 22.398  0.839
 22.367  0.873
 22.381  0.877
 22.315  0.801
 22.321  0.837
 22.342  0.820
 22.382  0.839
 22.324  0.772
 22.387  0.925
 22.381  0.856
 22.383  0.798
 22.397  0.887
 22.308  0.810
 22.351  0.843
 22.322  0.809
 22.342  0.869
 22.315  0.811
 22.340  0.805
 22.393  0.892
 22.331  0.844
 22.349  0.795
 22.354  0.804
 22.355  0.811
 22.383  0.846
 22.365  0.828
 22.328  0.825
 22.386  0.865
 22.337  0.849
 22.313  0.817
 22.353  0.836
 22.468  0.853
 22.405  0.860
 22.443  0.893
 22.440  0.849
 22.410  0.799
 22.432  0.904
 22.443  0.890
 22.469  0.856
 22.484  0.897
 22.460  0.798
 22.450  0.883
 22.481  0.854
 22.448  0.893
 22.453  0.826
 22.429  0.839
 22.428  1.071
 22.494  0.859
 22.443  0.848
 22.431  0.876
 22.430  0.867
 22.491  0.864
 22.453  0.999
 22.462  0.871
 22.465  0.870
 22.414  0.830
 22.426  0.864
 22.409  0.776
 22.476  0.884
 22.490  0.892
 22.486  0.925
 22.452  0.848
 22.402  0.901
 22.447  0.820
 22.434  0.856
 22.410  0.804
 22.470  0.845
 22.464  0.881
 22.484  0.860
 22.500  0.852
 22.476  0.888
 22.451  1.057
 22.458  0.842
 22.455  0.809
 22.487  0.849
 22.406  0.835
 22.434  0.834
 22.418  0.822
 22.469  0.843
 22.418  0.813
 22.404  0.853
 22.433  0.871
 22.461  0.850
 22.461  0.838
 22.425  0.815
 22.401  0.847
 22.448  0.840
 22.441  0.848
 22.450  0.887
 22.456  0.884
 22.442  0.855
 22.481  0.858
 22.433  0.836
 22.477  0.895
 22.417  0.838
 22.464  0.848
 22.440  0.848
 22.443  0.873
 22.436  0.885
 22.477  0.855
 22.437  0.878
 22.454  0.841
 22.416  0.858
 22.436  0.848
 22.461  0.867
 22.486  0.835
 22.528  0.888
 22.516  0.852
 22.590  0.881
 22.555  0.885
 22.589  0.888
 22.504  0.870
 22.548  0.898
 22.530  0.891
 22.579  0.890
 22.513  0.878
 22.573  0.834
 22.552  0.838
 22.544  0.884
 22.548  0.853
 22.584  0.903
 22.515  0.948
 22.574  0.881
 22.547  0.879
 22.540  0.857
 22.581  0.871
 22.535  0.881
 22.553  0.878
 22.523  0.868
 22.553  0.893
 22.591  0.892
 22.561  0.846
 22.526  0.878
 22.529  0.842
 22.516  0.899
 22.524  1.026
 22.570  0.859
 22.553  0.868
 22.520  0.838
 22.577  0.905
 22.535  0.883
 22.593  0.927
 22.584  0.893
 22.518  0.822
 22.501  0.899
 22.587  0.857
 22.528  0.901
 22.535  0.885
 22.589  0.898
 22.509  0.881
 22.503  0.880
 22.597  0.895
 22.574  0.887
 22.562  0.862
 22.567  0.826
 22.550  0.904
 22.560  0.863
 22.527  0.876
 22.554  0.889
 22.575  0.851
 22.536  0.903
 22.588  1.004
 22.521  0.865
 22.525  0.859
 22.518  0.872
 22.561  0.836
 22.592  0.883
 22.510  0.869
 22.554  0.934
 22.535  0.895
 22.596  0.844
 22.519  0.865
 22.506  0.837
 22.565  0.844
 22.519  0.860
 22.541  0.897
 22.531  0.895
 22.535  0.864
 22.523  0.897
 22.584  0.849
 22.514  0.955
 22.602  0.897
 22.665  0.880
 22.627  0.847
 22.646  0.892
 22.624  1.020
 22.630  0.995
 22.633  0.903
 22.689  0.893
 22.699  0.893
 22.662  0.932
 22.611  0.879
 22.685  0.901
 22.610  0.825
 22.610  0.892
 22.607  0.891
 22.639  0.889
 22.637  0.907
 22.654  0.873
 22.676  0.898
 22.616  0.897
 22.654  1.002
 22.670  0.944
 22.698  0.896
 22.618  0.872
 22.678  0.903
 22.624  0.901
 22.670  0.880
 22.695  0.912
 22.668  0.873
 22.672  0.968
 22.679  0.907
 22.645  0.909
 22.637  0.905
 22.629  0.994
 22.630  0.880
 22.640  0.933
 22.700  0.906
 22.616  0.868
 22.671  0.907
 22.601  0.907
 22.625  0.924
 22.632  0.890
 22.633  0.871
 22.689  0.932
 22.629  0.863
 22.664  1.023
 22.619  0.850
 22.692  0.912
 22.683  0.943
 22.604  0.885
 22.678  0.895
 22.607  0.865
 22.665  0.887
 22.661  1.005
 22.690  0.901
 22.674  0.848
 22.679  0.893
 22.638  0.904
 22.643  0.902
 22.622  0.903
 22.679  0.937
 22.638  0.931
 22.611  0.889
 22.625  0.891
 22.697  0.875
 22.662  0.880
 22.624  0.907
 22.637  0.906
 22.677  0.916
 22.657  0.881
 22.642  0.880
 22.627  0.789
 22.671  0.926
 22.697  1.055
 22.605  0.903
 22.784  0.877
 22.709  0.877
 22.701  0.904
 22.789  0.913
 22.701  0.856
 22.782  0.929
 22.749  0.938
 22.750  0.912
 22.736  0.914
 22.739  0.920
 22.709  0.910
 22.707  0.938
 22.706  0.861
 22.722  0.960
 22.798  0.950
 22.774  0.861
 22.771  0.901
 22.715  0.872
 22.739  0.923
 22.788  0.915
 22.772  0.899
 22.735  0.898
 22.757  0.864
 22.792  0.921
 22.714  0.933
 22.762  0.978
 22.784  0.938
 22.766  0.928
 22.714  0.962
 22.757  0.896
 22.788  0.919
 22.777  0.910
 22.705  0.959
 22.714  0.889
 22.738  0.921
 22.748  0.911
 22.711  0.924
 22.777  0.938
 22.712  0.920
 22.714  1.098
 22.735  0.932
 22.799  0.908
 22.779  0.917
 22.790  0.970
 22.760  0.913
 22.772  0.965
 22.765  0.928
 22.774  0.926
 22.720  0.926
 22.744  0.904
 22.706  0.905
 22.712  0.880
 22.750  0.964
 22.703  0.861
 22.758  0.923
 22.725  0.913
 22.750  0.921
 22.709  0.895
 22.778  0.973
 22.715  0.925
 22.797  0.938
 22.750  0.897
 22.792  0.879
 22.725  0.892
 22.733  0.903
 22.799  0.889
 22.773  0.912
 22.783  0.915
 22.785  0.911
 22.767  0.888
 22.742  0.878
 22.748  0.882
 22.723  0.906
 22.775  0.917
 22.788  0.935
 22.874  0.915
 22.872  0.925
 22.814  0.927
 22.881  0.965
 22.822  0.917
 22.871  0.884
 22.841  0.906
 22.847  0.925
 22.853  1.037
 22.806  1.009
 22.809  0.892
 22.850  0.955
 22.834  1.017
 22.891  0.874
 22.883  0.998
 22.878  0.900
 22.871  1.060
 22.870  0.945
 22.887  0.950
 22.823  0.928
 22.876  0.912
 22.812  0.940
 22.835  0.929
 22.874  1.007
 22.870  0.956
 22.811  0.922
 22.886  0.957
 22.821  0.927
 22.816  0.916
 22.871  1.033
 22.804  0.941
 22.857  0.920
 22.813  1.036
 22.842  0.992
 22.888  0.912
 22.895  0.909
 22.848  0.987
 22.887  0.924
 22.816  0.944
 22.875  0.930
 22.874  0.964
 22.888  0.932
 22.827  0.926
 22.808  0.902
 22.874  0.964
 22.856  1.017
 22.842  0.960
 22.889  0.990
 22.812  0.929
 22.861  0.997
 22.841  0.894
 22.843  0.967
 22.854  0.929
 22.825  0.870
 22.830  1.004
 22.860  0.959
 22.884  0.904
 22.856  0.954
 22.851  0.949
 22.875  1.078
 22.867  0.930
 22.808  1.095
 22.857  0.946
 22.818  0.919
 22.864  0.960
 22.899  0.927
 22.820  0.939
 22.866  0.930
 22.846  0.902
 22.818  0.968
 22.861  0.928
 22.876  0.918
 22.834  0.884
 22.880  0.905
 22.878  0.924
 22.920  0.923
 22.978  0.946
 22.980  0.971
 22.936  0.940
 22.977  1.086
 22.971  0.939
 22.950  0.986
 22.958  1.011
 22.902  1.064
 22.960  0.841
 22.932  0.966
 22.992  0.983
 22.995  0.977
 22.958  0.906
 22.915  0.991
 22.925  0.900
 22.997  0.978
 22.907  0.907
 22.963  0.944
 22.978  0.949
 22.997  0.946
 22.923  0.974
 22.960  0.922
 22.985  1.007
 22.911  0.952
 22.952  0.934
 22.973  0.959
 22.916  0.950
 22.906  0.948
 22.992  0.947
 22.910  0.964
 22.936  0.902
 22.991  0.959
 22.919  0.968
 22.967  0.966
 22.986  1.032
 22.960  1.077
 22.991  1.024
 22.909  0.980
 22.990  0.974
 22.909  0.922
 22.966  0.925
 22.925  0.940
 22.994  0.995
 22.972  0.902
 22.902  0.950
 22.932  0.979
 22.956  0.954
 22.961  0.967
 22.948  0.931
 22.963  1.049
 22.975  0.960
 22.914  0.945
 22.947  0.964
 22.929  0.935
 22.915  0.985
 22.966  0.953
 22.974  0.900
 22.921  0.878
 22.927  0.954
 22.936  0.984
 22.941  1.140
 22.948  0.923
 22.960  1.046
 22.941  0.934
 22.913  0.942
 22.982  0.947
 22.982  0.949
 22.904  0.942
 22.908  0.940
 22.988  0.963
 22.918  0.944
 22.912  0.972
 22.904  0.901
 22.961  0.908
 23.065  1.010
 23.011  1.000
 23.091  0.982
 23.038  0.995
 23.038  0.979
 23.030  0.964
 23.068  0.976
 23.086  1.019
 23.037  1.099
 23.042  1.009
 23.095  0.970
 23.077  0.984
 23.062  0.987
 23.025  1.038
 23.005  0.938
 23.014  0.966
 23.031  1.023
 23.028  0.941
 23.017  1.018
 23.064  0.987
 23.062  1.070
 23.023  0.957
 23.022  0.977
 23.024  0.984
 23.064  0.941
 23.042  0.990
 23.042  0.937
 23.062  1.050
 23.049  0.942
 23.091  1.026
 23.075  0.972
 23.047  0.990
 23.018  0.975
 23.037  0.966
 23.082  0.894
 23.023  0.983
 23.023  1.040
 23.079  0.981
 23.017  0.957
 23.083  1.089
 23.017  1.179
 23.005  0.958
 23.070  0.931
 23.089  0.929
 23.089  0.970
 23.053  0.904
 23.009  0.961
 23.086  0.971
 23.038  0.946
 23.033  1.047
 23.080  0.965
 23.020  0.969
 23.049  1.013
 23.079  0.983
 23.025  0.952
 23.091  0.992
 23.001  0.985
 23.020  1.005
 23.001  0.947
 23.013  0.944
 23.052  0.923
 23.098  1.016
 23.065  0.887
 23.053  1.083
 23.052  0.925
 23.008  0.986
 23.080  1.029
 23.028  0.986
 23.048  0.954
 23.009  0.935
 23.043  0.996
 23.010  0.914
 23.075  1.044
 23.035  0.952
 23.033  0.956
 23.139  1.022
 23.153  1.108
 23.173  0.985
 23.109  0.960
 23.116  1.103
 23.195  0.963
 23.152  1.123
 23.165  0.940
 23.116  1.046
 23.192  1.004
 23.137  1.000
 23.160  0.932
 23.154  0.969
 23.158  0.993
 23.174  1.036
 23.170  0.984
 23.181  1.010
 23.109  1.008
 23.152  0.971
 23.167  0.980
 23.128  0.989
 23.167  1.120
 23.146  1.026
 23.176  1.042
 23.104  0.995
 23.143  0.972
 23.144  0.971
 23.129  0.977
 23.198  1.086
 23.137  0.958
 23.140  0.968
 23.112  1.060
 23.162  0.983
 23.125  0.961
 23.114  0.969
 23.157  0.989
 23.122  0.957
 23.114  0.972
 23.105  0.949
 23.141  0.960
 23.188  0.998
 23.166  1.017
 23.134  0.996
 23.154  1.005
 23.113  0.997
 23.139  0.827
 23.122  1.001
 23.191  1.118
 23.128  1.010
 23.121  1.009
 23.155  0.896
 23.106  0.950
 23.189  0.988
 23.150  1.069
 23.199  1.008
 23.147  1.140
 23.166  1.127
 23.154  1.047
 23.145  0.972
 23.158  1.149
 23.162  1.054
 23.150  1.004
 23.190  1.049
 23.154  0.913
 23.149  1.021
 23.136  1.060
 23.110  1.060
 23.119  1.029
 23.198  1.018
 23.147  1.025
 23.162  0.993
 23.135  0.989
 23.121  0.977
 23.178  1.035
 23.181  1.022
 23.218  1.026
 23.222  0.987
 23.230  0.963
 23.295  1.115
 23.286  0.989
 23.253  1.016
 23.238  1.008
 23.241  1.122
 23.293  1.047
 23.228  1.003
 23.278  0.990
 23.234  1.013
 23.276  0.988
 23.236  1.053
 23.245  0.954
 23.227  1.001
 23.211  1.004
 23.240  1.001
 23.216  0.976
 23.215  0.995
 23.276  0.984
 23.258  0.965
 23.214  1.005
 23.288  1.101
 23.292  1.039
 23.279  1.007
 23.216  1.011
 23.212  1.047
 23.292  1.007
 23.245  0.983
 23.225  1.076
 23.203  1.008
 23.247  1.006
 23.229  1.026
 23.220  1.015
 23.210  1.045
 23.244  0.997
 23.227  1.081
 23.203  0.978
 23.264  1.096
 23.228  0.979
 23.206  0.978
 23.237  0.994
 23.298  1.021
 23.259  1.017
 23.256  1.043
 23.237  0.948
 23.253  0.974
 23.205  0.998
 23.238  1.010
 23.204  1.010
 23.277  1.023
 23.205  1.008
 23.202  1.052
 23.273  1.060
 23.283  1.002
 23.222  0.944
 23.242  1.003
 23.201  0.983
 23.277  0.980
 23.210  1.059
 23.232  1.033
 23.287  1.122
 23.262  1.010
 23.283  1.009
 23.255  1.045
 23.202  1.063
 23.244  1.036
 23.203  0.991
 23.230  0.991
 23.299  1.076
 23.201  0.999
 23.297  1.017
 23.238  1.048
 23.208  0.935
 23.312  1.013
 23.337  1.038
 23.333  1.056
 23.302  1.052
 23.397  1.063
 23.352  1.045
 23.319  0.990
 23.333  1.050
 23.368  1.039
 23.381  1.025
 23.319  1.034
 23.390  1.013
 23.344  0.932
 23.345  1.035
 23.328  1.018
 23.366  1.017
 23.370  1.018
 23.371  1.011
 23.301  1.153
 23.310  1.036
 23.321  1.049
 23.377  0.980
 23.348  1.163
 23.352  1.090
 23.302  1.015
 23.394  1.076
 23.334  1.028
 23.366  1.054
 23.378  1.038
 23.306  0.967
 23.370  1.023
 23.372  0.986
 23.358  1.031
 23.381  1.153
 23.372  1.070
 23.339  1.040
 23.362  1.029
 23.302  1.030
 23.395  1.078
 23.348  1.016
 23.329  1.052
 23.301  1.138
 23.354  0.973
 23.357  1.062
 23.321  1.070
 23.376  0.931
 23.396  1.126
 23.399  1.076
 23.361  1.043
 23.345  1.202
 23.324  1.062
 23.307  1.026
 23.343  1.070
 23.332  1.074
 23.375  1.049
 23.310  0.991
 23.389  1.083
 23.310  1.047
 23.380  1.003
 23.311  0.952
 23.382  1.079
 23.365  1.041
 23.350  0.950
 23.395  1.036
 23.352  0.999
 23.313  1.026
 23.350  1.022
 23.364  1.015
 23.346  1.122
 23.378  1.046
 23.394  1.087
 23.389  1.140
 23.312  1.083
 23.394  1.065
 23.334  1.052
 23.428  1.020
 23.480  1.096
 23.443  1.036
 23.448  1.039
 23.411  1.032
 23.465  1.123
 23.477  0.987
 23.481  1.084
 23.441  0.965
 23.479  1.051
 23.411  1.029
 23.458  1.080
 23.485  1.045
 23.493  1.094
 23.477  1.054
 23.474  1.024
 23.497  1.106
 23.488  1.058
 23.466  1.065
 23.417  1.027
 23.437  1.066
 23.454  1.084
 23.419  0.941
 23.498  1.049
 23.437  1.057
 23.410  1.034
 23.498  1.038
 23.484  1.011
 23.422  1.057
 23.432  1.075
 23.434  1.127
 23.493  1.096
 23.416  0.998
 23.473  1.135
 23.448  1.047
 23.478  1.058
 23.472  1.061
 23.473  1.099
 23.456  1.062
 23.455  1.030
 23.447  1.081
 23.432  1.016
 23.478  1.072
 23.426  0.995
 23.415  1.025
 23.420  1.038
 23.449  1.071
 23.422  0.995
 23.491  1.067
 23.430  0.993
 23.463  1.027
 23.473  1.098
 23.425  1.097
 23.427  1.179
 23.484  1.193
 23.425  1.053
 23.467  1.012
 23.421  0.948
 23.486  0.951
 23.484  0.976
 23.468  1.043
 23.404  1.032
 23.426  1.097
 23.423  1.097
 23.474  1.160
 23.402  1.098
 23.435  1.034
 23.456  1.090
 23.450  0.959
 23.479  1.086
 23.423  1.006
 23.465  1.037
 23.429  1.031
 23.417  1.016
 23.457  1.141
 23.597  1.118
 23.535  1.050
 23.515  1.051
 23.581  1.081
 23.547  1.111
 23.511  1.046
 23.507  1.036
 23.568  1.084
 23.530  1.153
 23.502  1.045
 23.589  1.099
 23.531  1.114
 23.576  1.093
 23.535  1.086
 23.542  1.041
 23.579  1.054
 23.588  1.047
 23.522  1.049
 23.534  1.073
 23.504  1.064
 23.518  1.093
 23.532  1.014
 23.556  1.056
 23.585  1.062
 23.512  1.051
 23.545  1.214
 23.531  1.050
 23.598  1.136
 23.558  1.174
 23.566  1.046
 23.511  0.962
 23.521  1.047
 23.525  1.035
 23.600  1.083
 23.545  1.092
 23.533  1.097
 23.524  1.087
 23.577  1.054
 23.521  1.089
 23.504  1.082
 23.535  1.079
 23.523  1.063
 23.586  1.048
 23.533  0.984
 23.596  1.145
 23.600  1.109
 23.582  1.028
 23.569  1.126
 23.598  1.165
 23.555  1.094
 23.535  1.085
 23.556  1.039
 23.581  1.066
 23.527  1.091
 23.569  1.031
 23.505  1.064
 23.518  1.078
 23.510  1.109
 23.565  1.093
 23.504  1.103
 23.545  1.108
 23.571  1.089
 23.581  1.065
 23.542  1.036
 23.508  1.097
 23.537  0.989
 23.581  1.085
 23.523  1.148
 23.543  1.049
 23.557  1.051
 23.589  1.082
 23.538  1.106
 23.515  1.043
 23.578  1.077
 23.521  1.039
 23.630  1.045
 23.647  1.077
 23.648  1.159
 23.608  1.009
 23.623  1.123
 23.689  1.025
 23.644  1.094
 23.688  1.105
 23.666  1.078
 23.625  1.057
 23.649  1.094
 23.670  1.122
 23.646  0.987
 23.606  1.130
 23.607  1.028
 23.684  1.107
 23.654  1.164
 23.637  1.204
 23.609  1.064
 23.645  1.086
 23.611  1.092
 23.605  1.106
 23.612  1.137
 23.668  1.118
 23.684  1.174
 23.671  1.191
 23.658  1.034
 23.651  1.045
 23.686  1.141
 23.606  1.104
 23.660  1.086
 23.688  1.032
 23.629  1.044
 23.681  1.023
 23.699  1.112
 23.612  1.107
 23.661  1.098
 23.638  1.100
 23.612  1.097
 23.603  1.055
 23.614  1.120
 23.647  1.081
 23.664  1.166
 23.658  1.081
 23.651  1.047
 23.688  1.098
 23.693  1.136
 23.683  1.073
 23.628  1.174
 23.632  1.055
 23.627  0.995
 23.688  1.088
 23.669  1.115
 23.629  1.108
 23.633  1.061
 23.602  1.180
 23.655  1.017
 23.688  1.124
 23.684  1.045
 23.636  1.158
 23.636  1.135
 23.606  1.062
 23.616  1.183
 23.665  1.038
 23.628  1.083
 23.646  1.167
 23.622  1.120
 23.722  1.079
 23.756  1.008
 23.773  1.027
 23.800  1.052
 23.744  1.095
 23.762  1.143
 23.783  1.122
 23.766  1.130
 23.753  1.151
 23.782  1.185
 23.715  1.035
 23.751  1.074
 23.779  1.013
 23.705  1.130
 23.755  1.071
 23.786  1.205
 23.779  1.093
 23.710  1.151
 23.762  1.106
 23.752  1.140
 23.788  1.288
 23.719  1.130
 23.704  1.121
 23.741  1.102
 23.733  1.112
 23.714  1.010
 23.759  1.116
 23.710  1.140
 23.701  1.093
 23.752  1.200
 23.734  1.047
 23.752  1.176
 23.734  1.072
 23.713  1.153
 23.704  1.149
 23.731  1.147
 23.778  1.147
 23.755  1.105
 23.759  1.098
 23.779  0.971
 23.765  1.130
 23.751  1.218
 23.715  1.078
 23.762  1.050
 23.730  1.064
 23.761  1.094
 23.704  1.131
 23.714  1.076
 23.731  1.137
 23.747  1.082
 23.707  1.250
 23.778  1.077
 23.772  1.088
 23.765  1.123
 23.783  1.158
 23.705  1.137
 23.791  1.106
 23.799  1.100
 23.755  1.392
 23.774  1.213
 23.880  1.001
 23.895  1.034
 23.898  1.125
 23.864  1.122
 23.819  1.085
 23.868  1.088
 23.822  1.069
 23.896  1.098
 23.900  1.159
 23.844  1.145
 23.856  1.176
 23.889  1.144
 23.844  1.121
 23.851  1.088
 23.866  1.047
 23.841  1.091
 23.871  1.172
 23.863  1.089
 23.840  1.074
 23.811  1.088
 23.885  1.133
 23.834  1.087
 23.890  1.093
 23.840  1.143
 23.894  1.137
 23.858  1.040
 23.812  1.096
 23.838  1.077
 23.891  1.147
 23.807  1.124
 23.823  1.112
 23.891  1.151
 23.848  1.106
 23.858  1.138
 23.850  1.025
 23.833  1.167
 23.807  1.163
 23.894  1.174
 23.835  1.108
 23.867  1.118
 23.871  1.110
 23.850  1.213
 23.823  1.232
 23.827  1.155
 23.874  1.185
 23.900  1.083
 23.809  1.045
 23.814  1.243
 23.848  1.042
 23.823  1.133
 23.915  1.142
 23.933  1.209
 23.990  1.112
 23.913  1.154
 24.000  1.116
 23.906  1.284
 23.907  1.152
 23.997  1.218
 23.979  1.076
 23.913  1.113
 23.959  1.114
 23.981  1.114
 23.942  1.139
 23.954  1.089
 23.930  1.017
 23.929  1.121
 24.000  1.109
 23.982  1.148
 23.938  1.192
 23.997  1.166
 23.906  1.120
 23.919  1.021
 23.997  1.115
 23.905  1.208
 23.902  1.168
 23.913  1.110
 23.911  1.039
 23.972  1.084
 23.996  1.168
 23.936  1.122
 23.956  1.158
 23.946  1.143
 23.930  1.106
 23.904  1.128
 23.974  1.171
 23.998  1.110
 23.920  1.084
 23.922  1.082
 23.989  1.150
 23.949  1.148
 23.982  1.106
 23.961  1.124
 24.027  1.270
 24.052  1.096
 24.097  1.206
 24.051  1.197
 24.050  1.107
 24.094  0.889
 24.009  1.137
 24.089  1.154
 24.100  1.186
 24.011  1.141
 24.076  1.180
 24.043  1.156
 24.060  1.034
 24.072  1.185
 24.058  1.081
 24.066  1.153
 24.072  1.217
 24.028  1.124
 24.076  1.198
 24.012  1.236
 24.089  1.124
 24.091  1.090
 24.090  1.175
 24.061  1.164
 24.011  1.115
 24.093  1.130
 24.076  1.143
 24.070  1.428
 24.051  1.182
 24.008  1.248
 15.777  0.050
 15.681  0.690
 16.047 -0.042
 15.666  0.056
 15.329  0.704
 15.616  0.699
 15.887  0.681
 15.580  0.454
 15.645  0.175
 15.472  0.131
 14.547  0.722
 17.439  0.178
 15.352  0.481
 15.019  0.740
 15.380  0.481
 15.681  0.702
 15.785  0.428
 15.902  0.682
 15.581  0.709
 15.503  0.717
 15.287  0.724
 15.717  0.427
 14.633  0.771
 14.642  0.636
 15.304  0.547
 15.795  0.047
 16.261 -0.050
 15.734  0.699
 15.236  0.730
 15.702  0.118
 15.193  0.743
 15.193  0.732
 14.929  0.754
 15.434  0.246
 15.546  0.693
 15.436  0.541
 14.791  0.765
 15.662  0.186
 15.698  0.524
 14.971  0.643
 15.794  0.044
 15.784  0.060
 15.210  0.724
 15.699  0.097
 15.917  0.020
 15.230  0.719
 16.183 -0.037
 14.527  0.781
 15.105  0.728
 15.366  0.716
 15.604  0.190
 15.525  0.699
 15.772  0.046
 15.523  0.706
 15.651  0.690
 15.331  0.041
 15.590  0.718
 15.712  0.087
 15.005  0.742
 15.699  0.102
 15.177  0.606
 16.050 -0.030
 15.752  0.079
 15.308  0.140
 15.537  0.695
 15.342  0.710
 15.225  0.004
 20.659  0.110
 15.891  0.011
 15.499  0.186
 15.820  0.672
 15.124  0.706
 15.887  0.673
 16.112  0.654
 15.709  0.063
 15.375  0.549
 14.579  0.720
 14.669  0.772
 15.621  0.710
 15.083  0.748
 15.277  0.728
 15.144  0.730
 18.082  0.314
 15.747  0.697
 15.659  0.706
 15.545  0.707
 19.595 -0.241
 15.788  0.048
 15.359  0.567
 17.687  0.121
 16.847  0.064
 15.794  0.062
 15.563  0.497
 16.055  0.668
 15.210  0.126
 17.566 -0.129
 15.173  0.738
 17.531  0.311
 15.211  0.637
 15.542  0.464
 15.126  0.727
 15.642  0.156
 15.780  0.401
 16.090 -0.017
 15.044  0.734
 15.258  0.733
 18.436  0.332
 14.827  0.732
 15.418  0.459
 17.964  0.296
 15.424  0.720
 14.555  0.760
 18.263  0.268
 15.536  0.708
 14.818  0.744
 15.531  0.469
 18.011  0.318
 15.521  0.711
 14.720  0.752
 15.630  0.474
 18.525  0.268
 16.397  0.629
 15.705  0.100
 15.688  0.109
 15.702  0.415
 17.933  0.160
 15.506  0.720
 15.557  0.161
 15.618  0.152
 15.549  0.481
 18.056  0.313
 15.653  0.090
 15.248  0.163
 18.314  0.407
 14.791  0.758
 15.679  0.109
 18.196  0.211
 15.457  0.548
 18.641  0.294
 14.770  0.762
 15.554  0.584
 15.568  0.158
 15.570  0.331
 18.243 -0.344
 15.529  0.346
 15.685  0.148
 15.798  0.382
 15.697  0.090
 15.710  0.085
 18.634  0.377
 15.855  0.441
 15.551  0.695
 15.962 -0.005
 15.655  0.691
 15.735  0.031
 15.623  0.174
 15.766  0.692
 18.675  0.341
 15.615  0.144
 17.780  0.412
 18.685  0.370
 15.891  0.027
 15.223  0.707
 15.588  0.691
 15.642  0.696
 14.920  0.727
 15.889  0.017
 15.986 -0.009
 15.359  0.706
 15.545  0.698
 14.836  0.745
 17.360  0.318
 18.597  0.289
 15.156  0.669
 17.021  0.533
 15.429  0.445
 18.466  0.380
 15.538  0.704
 18.622  0.003
 18.662 -0.066
 15.689  0.396
 18.142 -0.982
 15.534  0.712
 15.829  0.265
 16.254 -0.018
 17.615  0.026
 15.326  0.716
 15.194  0.722
 14.794  0.762
 15.474  0.544
 19.499  0.068
 15.560  0.457
 18.300  0.247
 14.865  0.764
 15.727  0.309
 18.052  0.427
 18.120  0.411
 15.952 -0.007
 16.055 -0.026
 18.769  0.352
 15.857  0.026
 16.065  0.036
 17.385  0.217
 18.455  0.357
 15.875  0.674
 15.428  0.696
 16.150  0.648
 15.365  0.705
 15.257  0.722
 15.529  0.266
 15.330  0.580
 16.928  0.387
 15.701  0.695
 15.777  0.032
 18.788  0.337
 15.305  0.720
 15.518  0.704
 15.924  0.676
 18.120  0.295
 18.363 -0.331
 14.941  0.671
 18.141  0.424
 15.412  0.164
 15.907  0.667
 16.004 -0.019
 15.322  0.715
 16.371 -0.077
 18.716 -0.332
 15.605  0.668
 15.241  0.699
 16.498  0.600
 14.946  0.737
 17.977  0.448
 15.093  0.741
 15.669  0.689
 15.634  0.344
 15.175  0.712
 15.547  0.702
 14.500  0.757
 17.199  0.130
 16.497  0.612
 17.836  0.231
 15.596  0.186
 15.682  0.420
 15.146  0.718
 15.638  0.186
 15.097  0.726
 18.727  0.330
 14.901  0.619
 15.074  0.728
 15.269  0.720
 16.947  0.164
 17.801  0.160
 18.764  0.305
 16.053 -0.003
 15.698  0.096
 16.197  0.642
 15.524  0.345
 15.554  0.434
 15.478  0.512
 18.268  0.326
 15.305  0.725
 15.712  0.440
 18.607  0.351
 14.962 -0.016
 17.444  0.189
 15.501  0.416
 16.585 -0.065
 15.691  0.121
 15.245  0.725
 15.428  0.431
 15.766  0.072
 15.491  0.219
 14.798  0.761
 16.009  0.002
 20.048 -0.366
 18.417  0.313
 14.615  0.687
 15.635  0.705
 15.884  0.686
 15.419  0.050
 18.416  0.399
 15.724  0.395
 15.514  0.662
 15.219  0.722
 15.600  0.334
 15.631  0.209
 14.620  0.696
 15.684  0.117
 16.062  0.662
 15.711  0.074
 15.425  0.376
 14.861 -0.173
 15.421  0.538
 14.928 -0.135
 18.880  0.329
 15.146  0.724
 15.525  0.113
 15.747  0.695
 15.561  0.444
 15.624  0.688
 15.220  0.715
 18.666  0.347
 15.857  0.680
 15.364  0.553
 15.667  0.111
 16.194 -0.054
 15.436  0.552
 18.183  0.397
 18.118  0.288
 15.237  0.719
 15.887  0.017
 15.638  0.040
 15.253  0.710
 15.248  0.722
 15.087  0.628
 15.381  0.445
 15.275  0.614
 15.617  0.090
 15.434  0.127
 15.715  0.698
 18.194  0.325
 14.596  0.691
 15.839  0.679
 14.977  0.738
 15.638  0.033
 18.086  0.199
 16.099 -0.018
 15.739  0.690
 17.915 -0.135
 15.471  0.705
 14.756  0.752
 17.861  0.189
 15.840  0.680
 15.881  0.022
 17.544  0.380
 18.424  0.197
 18.511  0.276
 15.805  0.017
 15.624  0.422
 15.233  0.713
 15.598  0.143
 15.403  0.335
 15.243  0.716
 15.388  0.540
 15.494  0.144
 17.471  0.218
 15.294  0.143
 15.351  0.726
 15.894  0.018
 15.972  0.674
 18.897  0.329
 14.825  0.744
 15.455  0.534
 15.914  0.382
 15.410  0.715
 15.621  0.088
 18.210  0.352
 15.074  0.736
 15.219  0.716
 15.167  0.719
 18.528  0.371
 15.763  0.345
 15.042  0.726
 15.635  0.686
 15.444  0.722
 15.744  0.676
 15.714  0.106
 15.691  0.109
 15.233  0.717
 15.218  0.721
 15.786  0.402
 18.619  0.373
 15.416  0.549
 16.051  0.662
 15.482  0.707
 14.537  0.784
 15.911  0.023
 15.598  0.342
 15.682  0.125
 15.383  0.148
 15.710  0.090
 15.676  0.128
 15.207  0.706
 18.573  0.335
 15.905  0.059
 14.785  0.751
 15.714  0.066
 16.214  0.643
 15.827  0.016
 15.433  0.716
 17.031  0.091
 16.714 -0.110
 15.656  0.129
 15.689  0.698
 15.176  0.720
 14.513  0.704
 15.121  0.718
 14.855 -0.068
 14.886  0.606
 14.896  0.751
 17.608  0.238
 14.553  0.780
 15.619  0.336
 14.955  0.723
 15.802  0.652
 15.566  0.474
 18.828  0.305
 14.763  0.756
 16.004  0.671
 15.658  0.147
 15.266  0.727
 15.196  0.714
 14.519  0.767
 15.556  0.486
 16.711 -0.076
 15.646  0.192
 15.702  0.704
 15.637  0.114
 15.918  0.010
 15.549  0.418
 15.566  0.212
 15.631  0.485
 15.582  0.708
 15.802  0.681
 18.965  0.333
 17.483  0.478
 18.457  0.297
 15.553  0.703
 15.446  0.469
 15.207  0.684
 15.158  0.727
 15.698  0.569
 15.483  0.475
 18.437  0.334
 18.125  0.323
 18.379  0.295
 18.890  0.349
 18.533  0.308
 15.844  0.036
 15.680  0.121
 15.473  0.132
 15.656  0.165
 15.886  0.686
 15.633  0.101
 15.622  0.170
 15.234  0.719
 15.218  0.687
 15.940  0.679
 15.669  0.130
 15.928  0.658
 15.350  0.720
 15.732  0.696
 15.708  0.269
 15.489  0.449
 15.839  0.029
 15.401  0.111
 15.228  0.730
 15.753  0.077
 15.292  0.733
 15.079  0.630
 15.181  0.722
 15.714  0.115
 17.634  0.177
 14.519  0.697
 15.405  0.551
 14.816  0.150
 15.284  0.729
 15.166  0.160
 15.665  0.122
 15.539  0.715
 18.275  0.195
 15.705  0.116
 14.501  0.614
 15.705  0.697
 15.627  0.285
 15.326  0.720
 15.566  0.695
 18.476  0.327
 15.531  0.709
 15.700  0.086
 15.536  0.481
 14.933  0.662
 15.261  0.723
 16.030 -0.002
 15.543  0.473
 17.810  0.179
 17.538  0.054
 17.597  0.463
 15.153  0.648
 15.248  0.723
 14.889  0.750
 18.072  0.201
 15.772  0.064
 15.442  0.538
 15.492  0.385
 14.872  0.598
 15.479  0.160
 15.502  0.485
 15.539  0.477
 15.898  0.021
 15.253  0.717
 18.535  0.362
 15.298  0.723
 16.109 -0.011
 15.949  0.014
 18.073  0.224
 18.206  0.273
 15.412  0.696
 15.642  0.164
 17.787  0.137
 18.741  0.322
 18.932  0.174
 15.604  0.212
 14.534  0.781
 15.317  0.726
 15.808  0.037
 15.037  0.643
 15.525  0.292
 15.515  0.722
 15.271  0.720
 15.244  0.736
 15.553  0.176
 14.520  0.711
 14.850  0.754
 16.652  0.057
 15.925  0.011
 15.188  0.097
 14.871  0.737
 15.729  0.694
 15.632  0.210
 15.290  0.718
 16.190 -0.030
 17.774  0.217
 14.738  0.604
 15.715  0.092
 18.326  0.213
 17.543  0.180
 15.183  0.669
 15.292  0.725
 15.564  0.702
 15.687  0.375
 18.451  0.252
 14.577  0.712
 15.364  0.596
 17.109  0.049
 15.557  0.665
 17.556  0.203
 18.641  0.370
 14.536  0.687
 18.101  0.389
 15.467  0.530
 15.914  0.016
 18.556 -0.026
 15.215  0.706
 15.698  0.413
 15.252  0.727
 15.406  0.713
 15.197  0.719
 15.678  0.501
 17.170  0.089
 14.907  0.749
 14.674  0.735
 18.753  0.318
 14.655  0.758
 15.488  0.508
 15.396  0.722
 15.499  0.714
 18.454  0.392
 16.026  0.003
 15.790  0.000
 17.594  0.290
 15.843  0.433
 17.598  0.467
 16.064  0.604
 15.425  0.413
 15.699  0.420
 18.681  0.367
 16.698  0.582
 18.898  0.243
 16.027 -0.023
 17.609  0.107
 15.801  0.028
 15.130  0.136
 15.810  0.355
 19.890  0.051
 14.851  0.746
 15.876  0.668
 14.843 -0.092
 15.381  0.451
 15.509  0.479
 15.456  0.706
 18.639  0.373
 17.918  0.182
 15.668  0.116
 15.823  0.446
 18.456  0.279
 15.716  0.100
 15.687  0.360
 15.432  0.599
 14.764  0.761
 15.467  0.640
 15.566  0.131
 15.815  0.685
 15.055  0.726
 16.357 -0.068
 16.082  0.661
 15.385  0.461
 15.075  0.725
 15.711  0.696
 15.493  0.516
 15.284  0.721
 15.826  0.029
 15.408  0.721
 18.652  0.367
 15.679  0.166
 15.156  0.069
 15.954  0.654
 15.481  0.700
 15.524  0.521
 15.619  0.161
 15.458  0.513
 16.085 -0.023
 15.238  0.571
 15.807  0.680
 15.665  0.708
 15.810  0.430
 15.732  0.405
 15.764  0.326
 15.538  0.700
 15.723  0.315
 15.349  0.288
 15.445  0.030
 15.775  0.602
 15.669  0.159
 18.529  0.339
 14.590  0.762
 16.038  0.670
 15.412  0.445
 15.706  0.100
 15.625  0.156
 15.557  0.167
 15.969 -0.002
 18.709  0.367
 16.218 -0.040
 17.977  0.167
 15.208  0.720
 18.558  0.342
 18.639  0.311
 18.007  0.335
 14.677  0.634
 15.482  0.456
 15.623  0.182
 15.684  0.107
 15.502  0.430
 15.769  0.345
 15.807  0.053
 15.639  0.167
 15.586  0.131
 15.295  0.702
 15.831  0.686
 16.644 -0.005
 14.524  0.709
 15.570  0.104
 15.475  0.707
 15.416  0.690
 15.909  0.007
 15.746  0.361
 15.669  0.138
 14.848  0.045
 17.011  0.220
 17.767  0.462
 15.618  0.126
 14.584  0.766
 15.349  0.723
 14.926  0.734
 15.624  0.699
 15.700  0.699
 15.749  0.091
 15.653  0.142
 15.315  0.710
 15.848  0.692
 15.501  0.713
 15.525  0.703
 15.139  0.728
 15.516  0.480
 15.782  0.689
 15.374  0.432
 18.174  0.204
 15.833  0.044
 15.366  0.702
 15.661  0.135
 15.909  0.668
 15.293  0.718
 15.832  0.601
 15.021  0.733
 17.283  0.086
 15.568  0.477
 14.527  0.775
 14.527  0.773
 15.837  0.031
 14.973  0.738
 15.438  0.726
 15.628  0.247
 19.231  0.274
 14.651  0.754
 15.757  0.053
 18.497  0.317
 15.009 -0.090
 15.928  0.673
 14.910 -0.203
 15.522  0.149
 15.507  0.435
 17.625  0.436
 18.565  0.287
 16.223  0.621
 15.570  0.504
 15.564  0.701
 15.320  0.726
 15.891  0.687
 15.468  0.124
 15.572  0.487
 15.367  0.287
 15.771  0.681
 15.428  0.705
 15.213  0.720
 15.311  0.143
 15.473  0.513
 15.758  0.683
 18.272  0.303
 15.763  0.700
 15.528  0.428
 15.728  0.452
 15.561  0.418
 15.848  0.032
 15.128  0.746
 15.510  0.707
 15.500  0.473
 15.714  0.085
 15.837  0.683
 15.203  0.315
 15.836  0.533
 15.268  0.720
 14.991  0.172
 15.208  0.716
 15.812  0.677
 15.463  0.454
 15.367  0.673
 15.523  0.695
 18.410  0.326
 15.241  0.715
 15.644  0.693
 16.285 -0.030
 15.418  0.718
 14.786  0.745
 15.939  0.022
 15.674  0.261
 16.091 -0.020
 15.096  0.630
 15.567  0.701
 15.594  0.206
 15.433  0.704
 17.327  0.522
 15.904  0.028
 14.776  0.065
 15.722  0.073
 15.403  0.430
 15.527  0.684
 15.160  0.718
 15.247  0.713
 18.004  0.363
 17.254  0.354
 15.798  0.445
 14.918  0.739
 15.537  0.435
 16.079  0.661
 16.457 -0.092
 15.294  0.720
 15.652  0.083
 15.012  0.700
 15.615  0.197
 14.769  0.762
 15.831  0.678
 15.554  0.169
 17.038 -0.128
 16.146  0.655
 15.441  0.693
 15.525  0.065
 15.214  0.703
 15.729  0.690
 15.694  0.088
 15.070  0.105
 15.453  0.689
 15.747  0.054
 18.389  0.366
 15.606  0.706
 15.496  0.687
 15.324  0.553
 15.697  0.679
 15.328  0.708
 15.379  0.218
 15.612  0.401
 15.789  0.033
 15.411  0.700
 15.728  0.406
 15.507  0.442
 15.119  0.722
 18.578  0.263
 15.283  0.714
 15.595  0.306
 14.809  0.749
 16.120  0.658
 15.051  0.731
 15.456  0.505
 14.799  0.754
 15.563  0.168
 15.602  0.699
 15.542  0.288
 18.368  0.311
 20.511 -0.230
 17.769  0.241
 15.881  0.024
 15.754  0.683
 15.908  0.002
 15.468  0.290
 15.085 -0.002
 18.110  0.333
 15.826  0.345
 16.298  0.633
 15.166  0.619
 15.674  0.426
 15.385  0.714
 15.044  0.738
 15.951  0.009
 17.182  0.320
 19.165  0.313
 15.556  0.718
 15.600  0.163
  0.000  0.000
  0.000  0.000
  0.000  0.000
  0.000  0.000
